         0  0.0000000000000000e+00  1.2500000000000000e-01  3.7500000000000000e-01
        10  2.4999999999999998e-02  1.2481263649781543e-01  3.7446223940355627e-01
        20  5.0000000000000010e-02  1.2462552957711227e-01  3.7397358199091146e-01
        30  7.5000000000000025e-02  1.2443865482372689e-01  3.7353348747532749e-01
        40  1.0000000000000005e-01  1.2425198808918139e-01  3.7314144554745233e-01
        50  1.2500000000000006e-01  1.2406550547934393e-01  3.7279697478689433e-01
        60  1.5000000000000008e-01  1.2387918334473765e-01  3.7249962159418462e-01
        70  1.7500000000000010e-01  1.2369299827229071e-01  3.7224895913892856e-01
        80  2.0000000000000012e-01  1.2350692707830485e-01  3.7204458631974645e-01
        90  2.2500000000000014e-01  1.2332094680240447e-01  3.7188612673150219e-01
       100  2.5000000000000017e-01  1.2313503470221956e-01  3.7177322763535349e-01
       110  2.7500000000000019e-01  1.2294916824855999e-01  3.7170555892732890e-01
       120  3.0000000000000021e-01  1.2276332512084214e-01  3.7168281210140623e-01
       130  3.2500000000000023e-01  1.2257748320254450e-01  3.7170469920345795e-01
       140  3.5000000000000026e-01  1.2239162057648643e-01  3.7177095177289632e-01
       150  3.7500000000000028e-01  1.2220571551975051e-01  3.7188131976940072e-01
       160  4.0000000000000030e-01  1.2201974649809428e-01  3.7203557048269280e-01
       170  4.2500000000000032e-01  1.2183369215972962e-01  3.7223348742395063e-01
       180  4.5000000000000034e-01  1.2164753132837988e-01  3.7247486919808218e-01
       190  4.7500000000000037e-01  1.2146124299555821e-01  3.7275952835669435e-01
       200  5.0000000000000033e-01  1.2127480631204530e-01  3.7308729023219288e-01
       210  5.2499999999999980e-01  1.2108820057857483e-01  3.7345799175399133e-01
       220  5.4999999999999927e-01  1.2090140523576902e-01  3.7387148024831259e-01
       230  5.7499999999999873e-01  1.2071439985339263e-01  3.7432761222349303e-01
       240  5.9999999999999820e-01  1.2052716411901937e-01  3.7482625214306310e-01
       250  6.2499999999999767e-01  1.2033967782622983e-01  3.7536727118917408e-01
       260  6.4999999999999714e-01  1.2015192086247471e-01  3.7595054601914312e-01
       270  6.7499999999999660e-01  1.1996387319675428e-01  3.7657595751803568e-01
       280  6.9999999999999607e-01  1.1977551486727502e-01  3.7724338955026891e-01
       290  7.2499999999999554e-01  1.1958682596925235e-01  3.7795272771322419e-01
       300  7.4999999999999500e-01  1.1939778664302841e-01  3.7870385809579150e-01
       310  7.7499999999999447e-01  1.1920837706267809e-01  3.7949666604466924e-01
       320  7.9999999999999394e-01  1.1901857742526712e-01  3.8033103494107737e-01
       330  8.2499999999999341e-01  1.1882836794092481e-01  3.8120684499036634e-01
       340  8.4999999999999287e-01  1.1863772882387897e-01  3.8212397202677783e-01
       350  8.7499999999999234e-01  1.1844664028459393e-01  3.8308228633539973e-01
       360  8.9999999999999181e-01  1.1825508252313392e-01  3.8408165149310732e-01
       370  9.2499999999999127e-01  1.1806303572386346e-01  3.8512192323006445e-01
       380  9.4999999999999074e-01  1.1787048005157601e-01  3.8620294831312446e-01
       390  9.7499999999999021e-01  1.1767739564912808e-01  3.8732456345227491e-01
       400  9.9999999999998967e-01  1.1748376263663703e-01  3.8848659423108594e-01
       410  1.0249999999999893e+00  1.1728956111228347e-01  3.8968885406197461e-01
       420  1.0499999999999887e+00  1.1709477115474276e-01  3.9093114316698426e-01
       430  1.0749999999999882e+00  1.1689937282725199e-01  3.9221324758470096e-01
       440  1.0999999999999877e+00  1.1670334618330451e-01  3.9353493820389899e-01
       450  1.1249999999999871e+00  1.1650667127394755e-01  3.9489596982451416e-01
       460  1.1499999999999866e+00  1.1630932815664519e-01  3.9629608024659860e-01
       470  1.1749999999999861e+00  1.1611129690565592e-01  3.9773498938800882e-01
       480  1.1999999999999855e+00  1.1591255762386326e-01  3.9921239843171802e-01
       490  1.2249999999999850e+00  1.1571309045598534e-01  4.0072798900381584e-01
       500  1.2499999999999845e+00  1.1551287560308394e-01  4.0228142238348277e-01
       510  1.2749999999999839e+00  1.1531189333828242e-01  4.0387233874645955e-01
       520  1.2999999999999834e+00  1.1511012402359803e-01  4.0550035644380897e-01
       530  1.3249999999999829e+00  1.1490754812778743e-01  4.0716507131805125e-01
       540  1.3499999999999823e+00  1.1470414624510169e-01  4.0886605605905909e-01
       550  1.3749999999999818e+00  1.1449989911484281e-01  4.1060285960239773e-01
       560  1.3999999999999813e+00  1.1429478764161255e-01  4.1237500657309926e-01
       570  1.4249999999999807e+00  1.1408879291614421e-01  4.1418199677814711e-01
       580  1.4499999999999802e+00  1.1388189623660618e-01  4.1602330475120979e-01
       590  1.4749999999999797e+00  1.1367407913026780e-01  4.1789837935339800e-01
       600  1.4999999999999791e+00  1.1346532337541958e-01  4.1980664343401385e-01
       610  1.5249999999999786e+00  1.1325561102343974e-01  4.2174749355540153e-01
       620  1.5499999999999781e+00  1.1304492442090421e-01  4.2372029978610244e-01
       630  1.5749999999999775e+00  1.1283324623163663e-01  4.2572440556653208e-01
       640  1.5999999999999770e+00  1.1262055945860039e-01  4.2775912765135412e-01
       650  1.6249999999999765e+00  1.1240684746553603e-01  4.2982375613259380e-01
       660  1.6499999999999759e+00  1.1219209399825221e-01  4.3191755454733265e-01
       670  1.6749999999999754e+00  1.1197628320548147e-01  4.3403976007353008e-01
       680  1.6999999999999749e+00  1.1175939965921570e-01  4.3618958381714592e-01
       690  1.7249999999999743e+00  1.1154142837444009e-01  4.3836621119327787e-01
       700  1.7499999999999738e+00  1.1132235482818941e-01  4.4056880240349015e-01
       710  1.7749999999999733e+00  1.1110216497785354e-01  4.4279649301089726e-01
       720  1.7999999999999727e+00  1.1088084527866383e-01  4.4504839461387959e-01
       730  1.8249999999999722e+00  1.1065838270029709e-01  4.4732359561857396e-01
       740  1.8499999999999717e+00  1.1043476474253832e-01  4.4962116210948259e-01
       750  1.8749999999999711e+00  1.1020997944994700e-01  4.5194013881671764e-01
       760  1.8999999999999706e+00  1.0998401542547974e-01  4.5427955017754924e-01
       770  1.9249999999999701e+00  1.0975686184302279e-01  4.5663840148904921e-01
       780  1.9499999999999695e+00  1.0952850845879865e-01  4.5901568014777854e-01
       790  1.9749999999999690e+00  1.0929894562161094e-01  4.6141035697160561e-01
       800  1.9999999999999685e+00  1.0906816428190264e-01  4.6382138759795314e-01
       810  2.0249999999999679e+00  1.0883615599960369e-01  4.6624771395199538e-01
       820  2.0499999999999674e+00  1.0860291295075392e-01  4.6868826577763807e-01
       830  2.0749999999999669e+00  1.0836842793289121e-01  4.7114196222348553e-01
       840  2.0999999999999663e+00  1.0813269436920006e-01  4.7360771347545127e-01
       850  2.1249999999999658e+00  1.0789570631142459e-01  4.7608442242723251e-01
       860  2.1499999999999653e+00  1.0765745844155332e-01  4.7857098637950802e-01
       870  2.1749999999999647e+00  1.0741794607229044e-01  4.8106629875848737e-01
       880  2.1999999999999642e+00  1.0717716514633380e-01  4.8356925084429709e-01
       890  2.2249999999999637e+00  1.0693511223448572e-01  4.8607873349967429e-01
       900  2.2499999999999631e+00  1.0669178453262721e-01  4.8859363888951169e-01
       910  2.2749999999999626e+00  1.0644717985759356e-01  4.9111286218199964e-01
       920  2.2999999999999621e+00  1.0620129664199171e-01  4.9363530322238983e-01
       930  2.3249999999999615e+00  1.0595413392800562e-01  4.9615986817079196e-01
       940  2.3499999999999610e+00  1.0570569136023973e-01  4.9868547109588108e-01
       950  2.3749999999999605e+00  1.0545596917765447e-01  5.0121103551693817e-01
       960  2.3999999999999599e+00  1.0520496820465049e-01  5.0373549588725057e-01
       970  2.4249999999999594e+00  1.0495268984136151e-01  5.0625779901256401e-01
       980  2.4499999999999589e+00  1.0469913605321642e-01  5.0877690539897763e-01
       990  2.4749999999999583e+00  1.0444430935983653e-01  5.1129179052542179e-01
      1000  2.4999999999999578e+00  1.0418821282332928e-01  5.1380144603659231e-01
      1010  2.5249999999999573e+00  1.0393085003604614e-01  5.1630488085300447e-01
      1020  2.5499999999999567e+00  1.0367222510786889e-01  5.1880112219557195e-01
      1030  2.5749999999999562e+00  1.0341234265308796e-01  5.2128921652287612e-01
      1040  2.5999999999999557e+00  1.0315120777693862e-01  5.2376823038002344e-01
      1050  2.6249999999999551e+00  1.0288882606185547e-01  5.2623725115868309e-01
      1060  2.6499999999999546e+00  1.0262520355350765e-01  5.2869538776857294e-01
      1070  2.6749999999999541e+00  1.0236034674667137e-01  5.3114177122127574e-01
      1080  2.6999999999999535e+00  1.0209426257099752e-01  5.3357555512785838e-01
      1090  2.7249999999999530e+00  1.0182695837672587e-01  5.3599591611228732e-01
      1100  2.7499999999999525e+00  1.0155844192039667e-01  5.3840205414311225e-01
      1110  2.7749999999999519e+00  1.0128872135060723e-01  5.4079319278631769e-01
      1120  2.7999999999999514e+00  1.0101780519385493e-01  5.4316857938259782e-01
      1130  2.8249999999999509e+00  1.0074570234050836e-01  5.4552748515263299e-01
      1140  2.8499999999999504e+00  1.0047242203094171e-01  5.4786920523419554e-01
      1150  2.8749999999999498e+00  1.0019797384186544e-01  5.5019305865511985e-01
      1160  2.8999999999999493e+00  9.9922367672881932e-02  5.5249838824632188e-01
      1170  2.9249999999999488e+00  9.9645613733291292e-02  5.5478456049915486e-01
      1180  2.9499999999999482e+00  9.9367722529169384e-02  5.5705096537144734e-01
      1190  2.9749999999999477e+00  9.9088704850736543e-02  5.5929701604658007e-01
      1200  2.9999999999999472e+00  9.8808571760031002e-02  5.6152214864992366e-01
      1210  3.0249999999999466e+00  9.8527334578900192e-02  5.6372582192690442e-01
      1220  3.0499999999999461e+00  9.8245004877318253e-02  5.6590751688685521e-01
      1230  3.0749999999999456e+00  9.7961594462035273e-02  5.6806673641667847e-01
      1240  3.0999999999999450e+00  9.7677115365563407e-02  5.7020300486819585e-01
      1250  3.1249999999999445e+00  9.7391579835498986e-02  5.7231586762286434e-01
      1260  3.1499999999999440e+00  9.7105000324181429e-02  5.7440489063734468e-01
      1270  3.1749999999999434e+00  9.6817389478685040e-02  5.7646965997317843e-01
      1280  3.1999999999999429e+00  9.6528760131139168e-02  5.7850978131359410e-01
      1290  3.2249999999999424e+00  9.6239125289371256e-02  5.8052487947021568e-01
      1300  3.2499999999999418e+00  9.5948498127865207e-02  5.8251459788218500e-01
      1310  3.2749999999999413e+00  9.5656891979025749e-02  5.8447859810994120e-01
      1320  3.2999999999999408e+00  9.5364320324741851e-02  5.8641655932564197e-01
      1330  3.3249999999999402e+00  9.5070796788237308e-02  5.8832817780192793e-01
      1340  3.3499999999999397e+00  9.4776335126199174e-02  5.9021316640046920e-01
      1350  3.3749999999999392e+00  9.4480949221174498e-02  5.9207125406147029e-01
      1360  3.3999999999999386e+00  9.4184653074223689e-02  5.9390218529504122e-01
      1370  3.4249999999999381e+00  9.3887460797820979e-02  5.9570571967509863e-01
      1380  3.4499999999999376e+00  9.3589386608992414e-02  5.9748163133621696e-01
      1390  3.4749999999999370e+00  9.3290444822681538e-02  5.9922970847362038e-01
      1400  3.4999999999999365e+00  9.2990649845333209e-02  6.0094975284628837e-01
      1410  3.5249999999999360e+00  9.2690016168689202e-02  6.0264157928296252e-01
      1420  3.5499999999999354e+00  9.2388558363786907e-02  6.0430501519064536e-01
      1430  3.5749999999999349e+00  9.2086291075154902e-02  6.0593990006503692e-01
      1440  3.5999999999999344e+00  9.1783229015200409e-02  6.0754608500220947e-01
      1450  3.6249999999999338e+00  9.1479386958784088e-02  6.0912343221071375e-01
      1460  3.6499999999999333e+00  9.1174779737979444e-02  6.1067181452321926e-01
      1470  3.6749999999999328e+00  9.0869422237013446e-02  6.1219111490672737e-01
      1480  3.6999999999999322e+00  9.0563329387389394e-02  6.1368122597037343e-01
      1490  3.7249999999999317e+00  9.0256516163190666e-02  6.1514204946981941e-01
      1500  3.7499999999999312e+00  8.9948997576567958e-02  6.1657349580727518e-01
      1510  3.7749999999999306e+00  8.9640788673412042e-02  6.1797548352623958e-01
      1520  3.7999999999999301e+00  8.9331904529215575e-02  6.1934793880014160e-01
      1530  3.8249999999999296e+00  8.9022360245129155e-02  6.2069079491418581e-01
      1540  3.8499999999999290e+00  8.8712170944217262e-02  6.2200399173985418e-01
      1550  3.8749999999999285e+00  8.8401351767919677e-02  6.2328747520169308e-01
      1560  3.8999999999999280e+00  8.8089917872727083e-02  6.2454119673622975e-01
      1570  3.9249999999999274e+00  8.7777884427076779e-02  6.2576511274308451e-01
      1580  3.9499999999999269e+00  8.7465266608478792e-02  6.2695918402861232e-01
      1590  3.9749999999999264e+00  8.7152079600879139e-02  6.2812337524267087e-01
      1600  3.9999999999999258e+00  8.6838338592269772e-02  6.2925765430940991e-01
      1610  4.0249999999999293e+00  8.6524058772553062e-02  6.3036199185327387e-01
      1620  4.0499999999999332e+00  8.6209255331670694e-02  6.3143636062172272e-01
      1630  4.0749999999999371e+00  8.5893943458001932e-02  6.3248073490647001e-01
      1640  4.0999999999999410e+00  8.5578138337041429e-02  6.3349508996535820e-01
      1650  4.1249999999999449e+00  8.5261855150360092e-02  6.3447940144726219e-01
      1660  4.1499999999999488e+00  8.4945109074856536e-02  6.3543364482270459e-01
      1670  4.1749999999999527e+00  8.4627915282300997e-02  6.3635779482309967e-01
      1680  4.1999999999999567e+00  8.4310288939175547e-02  6.3725182489177489e-01
      1690  4.2249999999999606e+00  8.3992245206810122e-02  6.3811570665009760e-01
      1700  4.2499999999999645e+00  8.3673799241814995e-02  6.3894940938218910e-01
      1710  4.2749999999999684e+00  8.3354966196804734e-02  6.3975289954179653e-01
      1720  4.2999999999999723e+00  8.3035761221411176e-02  6.4052614028496350e-01
      1730  4.3249999999999762e+00  8.2716199463575959e-02  6.4126909103212440e-01
      1740  4.3499999999999801e+00  8.2396296071115227e-02  6.4198170706321374e-01
      1750  4.3749999999999840e+00  8.2076066193543987e-02  6.4266393914926620e-01
      1760  4.3999999999999879e+00  8.1755524984147518e-02  6.4331573322383325e-01
      1770  4.4249999999999918e+00  8.1434687602282977e-02  6.4393703009732693e-01
      1780  4.4499999999999957e+00  8.1113569215894324e-02  6.4452776521714778e-01
      1790  4.4749999999999996e+00  8.0792185004220371e-02  6.4508786847614408e-01
      1800  4.5000000000000036e+00  8.0470550160673629e-02  6.4561726407160267e-01
      1810  4.5250000000000075e+00  8.0148679895867264e-02  6.4611587041658912e-01
      1820  4.5500000000000114e+00  7.9826589440764595e-02  6.4658360010503675e-01
      1830  4.5750000000000153e+00  7.9504294049924316e-02  6.4702035993154270e-01
      1840  4.6000000000000192e+00  7.9181809004814649e-02  6.4742605096637634e-01
      1850  4.6250000000000231e+00  7.8859149617166449e-02  6.4780056868572709e-01
      1860  4.6500000000000270e+00  7.8536331232337116e-02  6.4814380315675737e-01
      1870  4.6750000000000309e+00  7.8213369232654655e-02  6.4845563927654782e-01
      1880  4.7000000000000348e+00  7.7890279040711988e-02  6.4873595706357067e-01
      1890  4.7250000000000387e+00  7.7567076122581601e-02  6.4898463199988535e-01
      1900  4.7500000000000426e+00  7.7243775990920460e-02  6.4920153542183229e-01
      1910  4.7750000000000465e+00  7.6920394207936712e-02  6.4938653495661956e-01
      1920  4.8000000000000504e+00  7.6596946388188554e-02  6.4953949500183553e-01
      1930  4.8250000000000544e+00  7.6273448201189215e-02  6.4966027724461709e-01
      1940  4.8500000000000583e+00  7.5949915373790967e-02  6.4974874121692400e-01
      1950  4.8750000000000622e+00  7.5626363692324047e-02  6.4980474488314597e-01
      1960  4.9000000000000661e+00  7.5302809004467022e-02  6.4982814525608651e-01
      1970  4.9250000000000700e+00  7.4979267220827709e-02  6.4981879903723541e-01
      1980  4.9500000000000739e+00  7.4655754316215220e-02  6.4977656327715474e-01
      1990  4.9750000000000778e+00  7.4332286330585682e-02  6.4970129605175932e-01
      2000  5.0000000000000817e+00  7.4008879369646882e-02  6.4959285715028330e-01
      2010  5.0250000000000856e+00  7.3685549605109109e-02  6.4945110877076690e-01
      2020  5.0500000000000895e+00  7.3362313274571000e-02  6.4927591621898536e-01
      2030  5.0750000000000934e+00  7.3039186681032913e-02  6.4906714860686686e-01
      2040  5.1000000000000973e+00  7.2716186192031239e-02  6.4882467954660291e-01
      2050  5.1250000000001013e+00  7.2393328238390756e-02  6.4854838783684168e-01
      2060  5.1500000000001052e+00  7.2070629312593266e-02  6.4823815813756309e-01
      2070  5.1750000000001091e+00  7.1748105966763101e-02  6.4789388163046797e-01
      2080  5.2000000000001130e+00  7.1425774810273143e-02  6.4751545666196279e-01
      2090  5.2250000000001169e+00  7.1103652506975985e-02  6.4710278936607928e-01
      2100  5.2500000000001208e+00  7.0781755772066926e-02  6.4665579426493445e-01
      2110  5.2750000000001247e+00  7.0460101368588610e-02  6.4617439484461637e-01
      2120  5.3000000000001286e+00  7.0138706103586211e-02  6.4565852410463715e-01
      2130  5.3250000000001325e+00  6.9817586823926495e-02  6.4510812507937996e-01
      2140  5.3500000000001364e+00  6.9496760411793245e-02  6.4452315133021385e-01
      2150  5.3750000000001403e+00  6.9176243779874299e-02  6.4390356740721032e-01
      2160  5.4000000000001442e+00  6.8856053866255407e-02  6.4324934927963126e-01
      2170  5.4250000000001481e+00  6.8536207629037516e-02  6.4256048473458340e-01
      2180  5.4500000000001521e+00  6.8216722040695533e-02  6.4183697374344979e-01
      2190  5.4750000000001560e+00  6.7897614082195377e-02  6.4107882879589254e-01
      2200  5.5000000000001599e+00  6.7578900736889167e-02  6.4028607520140962e-01
      2210  5.5250000000001638e+00  6.7260598984206061e-02  6.3945875135857264e-01
      2220  5.5500000000001677e+00  6.6942725793159111e-02  6.3859690899222727e-01
      2230  5.5750000000001716e+00  6.6625298115685763e-02  6.3770061335904391e-01
      2240  5.6000000000001755e+00  6.6308332879842198e-02  6.3676994342192563e-01
      2250  5.6250000000001794e+00  6.5991846982869868e-02  6.3580499199385801e-01
      2260  5.6500000000001833e+00  6.5675857284153030e-02  6.3480586585186401e-01
      2270  5.6750000000001872e+00  6.5360380598085478e-02  6.3377268582178038e-01
      2280  5.7000000000001911e+00  6.5045433686864429e-02  6.3270558683462041e-01
      2290  5.7250000000001950e+00  6.4731033253229103e-02  6.3160471795531876e-01
      2300  5.7500000000001990e+00  6.4417195933160962e-02  6.3047024238467803e-01
      2310  5.7750000000002029e+00  6.4103938288561661e-02  6.2930233743534650e-01
      2320  5.8000000000002068e+00  6.3791276799924896e-02  6.2810119448266754e-01
      2330  5.8250000000002107e+00  6.3479227859017149e-02  6.2686701889123793e-01
      2340  5.8500000000002146e+00  6.3167807761581641e-02  6.2560002991800656e-01
      2350  5.8750000000002185e+00  6.2857032700080042e-02  6.2430046059274025e-01
      2360  5.9000000000002224e+00  6.2546918756484532e-02  6.2296855757666917e-01
      2370  5.9250000000002263e+00  6.2237481895133457e-02  6.2160458100011444e-01
      2380  5.9500000000002302e+00  6.1928737955662153e-02  6.2020880427988639e-01
      2390  5.9750000000002341e+00  6.1620702646021072e-02  6.1878151391723391e-01
      2400  6.0000000000002380e+00  6.1313391535591335e-02  6.1732300927710828e-01
      2410  6.0250000000002419e+00  6.1006820048408857e-02  6.1583360234950265e-01
      2420  6.0500000000002458e+00  6.0701003456506196e-02  6.1431361749361481e-01
      2430  6.0750000000002498e+00  6.0395956873382114e-02  6.1276339116558263e-01
      2440  6.1000000000002537e+00  6.0091695247607106e-02  6.1118327163053141e-01
      2450  6.1250000000002576e+00  5.9788233356573834e-02  6.0957361865967992e-01
      2460  6.1500000000002615e+00  5.9485585800399960e-02  6.0793480321324803e-01
      2470  6.1750000000002654e+00  5.9183766995991142e-02  6.0626720710991713e-01
      2480  6.2000000000002693e+00  5.8882791171271551e-02  6.0457122268360055e-01
      2490  6.2250000000002732e+00  5.8582672359587946e-02  6.0284725242828651e-01
      2500  6.2500000000002771e+00  5.8283424394294466e-02  6.0109570863173041e-01
      2510  6.2750000000002810e+00  5.7985060903523506e-02  5.9931701299877967e-01
      2520  6.3000000000002849e+00  5.7687595305148657e-02  5.9751159626512939e-01
      2530  6.3250000000002888e+00  5.7391040801944524e-02  5.9567989780231367e-01
      2540  6.3500000000002927e+00  5.7095410376948822e-02  5.9382236521475503e-01
      2550  6.3750000000002967e+00  5.6800716789030665e-02  5.9193945392970061e-01
      2560  6.4000000000003006e+00  5.6506972568669551e-02  5.9003162678088366e-01
      2570  6.4250000000003045e+00  5.6214190013948472e-02  5.8809935358676109e-01
      2580  6.4500000000003084e+00  5.5922381186764862e-02  5.8614311072418150e-01
      2590  6.4750000000003123e+00  5.5631557909261709e-02  5.8416338069834343e-01
      2600  6.5000000000003162e+00  5.5341731760482083e-02  5.8216065170990832e-01
      2610  6.5250000000003201e+00  5.5052914073248398e-02  5.8013541722013031e-01
      2620  6.5500000000003240e+00  5.4765115931268987e-02  5.7808817551486719e-01
      2630  6.5750000000003279e+00  5.4478348166472453e-02  5.7601942926832566e-01
      2640  6.6000000000003318e+00  5.4192621356570986e-02  5.7392968510739152e-01
      2650  6.6250000000003357e+00  5.3907945822853159e-02  5.7181945317738400e-01
      2660  6.6500000000003396e+00  5.3624331628205857e-02  5.6968924671005601e-01
      2670  6.6750000000003435e+00  5.3341788575365135e-02  5.6753958159465138e-01
      2680  6.7000000000003475e+00  5.3060326205394797e-02  5.6537097595280432e-01
      2690  6.7250000000003514e+00  5.2779953796391666e-02  5.6318394971805129e-01
      2700  6.7500000000003553e+00  5.2500680362415290e-02  5.6097902422069273e-01
      2710  6.7750000000003592e+00  5.2222514652640294e-02  5.5875672177872092e-01
      2720  6.8000000000003631e+00  5.1945465150728575e-02  5.5651756529549822e-01
      2730  6.8250000000003670e+00  5.1669540074418103e-02  5.5426207786483518e-01
      2740  6.8500000000003709e+00  5.1394747375325125e-02  5.5199078238408773e-01
      2750  6.8750000000003748e+00  5.1121094738955770e-02  5.4970420117585487e-01
      2760  6.9000000000003787e+00  5.0848589584922961e-02  5.4740285561881990e-01
      2770  6.9250000000003826e+00  5.0577239067364066e-02  5.4508726578824106e-01
      2780  6.9500000000003865e+00  5.0307050075554393e-02  5.4275795010655504e-01
      2790  6.9750000000003904e+00  5.0038029234711181e-02  5.4041542500451647e-01
      2800  7.0000000000003944e+00  4.9770182906983147e-02  5.3806020459325785e-01
      2810  7.0250000000003983e+00  4.9503517192619181e-02  5.3569280034760511e-01
      2820  7.0500000000004022e+00  4.9238037931310825e-02  5.3331372080094980e-01
      2830  7.0750000000004061e+00  4.8973750703702096e-02  5.3092347125193027e-01
      2840  7.1000000000004100e+00  4.8710660833060215e-02  5.2852255348313471e-01
      2850  7.1250000000004139e+00  4.8448773387101087e-02  5.2611146549199716e-01
      2860  7.1500000000004178e+00  4.8188093179962534e-02  5.2369070123401659e-01
      2870  7.1750000000004217e+00  4.7928624774318927e-02  5.2126075037838894e-01
      2880  7.2000000000004256e+00  4.7670372483629885e-02  5.1882209807610021e-01
      2890  7.2250000000004295e+00  4.7413340374516719e-02  5.1637522474049744e-01
      2900  7.2500000000004334e+00  4.7157532269259384e-02  5.1392060584031026e-01
      2910  7.2750000000004373e+00  4.6902951748407217e-02  5.1145871170506540e-01
      2920  7.3000000000004412e+00  4.6649602153496304e-02  5.0899000734280185e-01
      2930  7.3250000000004452e+00  4.6397486589867013e-02  5.0651495226996217e-01
      2940  7.3500000000004491e+00  4.6146607929574626e-02  5.0403400035330653e-01
      2950  7.3750000000004530e+00  4.5896968814386493e-02  5.0154759966366629e-01
      2960  7.4000000000004569e+00  4.5648571658858943e-02  4.9905619234133027e-01
      2970  7.4250000000004608e+00  4.5401418653487748e-02  4.9656021447283101e-01
      2980  7.4500000000004647e+00  4.5155511767925462e-02  4.9406009597887633e-01
      2990  7.4750000000004686e+00  4.4910852754259712e-02  4.9155626051315271e-01
      3000  7.5000000000004725e+00  4.4667443150346220e-02  4.8904912537170822e-01
      3010  7.5250000000004764e+00  4.4425284283190636e-02  4.8653910141260595e-01
      3020  7.5500000000004803e+00  4.4184377272373767e-02  4.8402659298552770e-01
      3030  7.5750000000004842e+00  4.3944723033514311e-02  4.8151199787099152e-01
      3040  7.6000000000004881e+00  4.3706322281764111e-02  4.7899570722884185e-01
      3050  7.6250000000004921e+00  4.3469175535330776e-02  4.7647810555565834e-01
      3060  7.6500000000004960e+00  4.3233283119022483e-02  4.7395957065072519e-01
      3070  7.6750000000004999e+00  4.2998645167810814e-02  4.7144047359019925e-01
      3080  7.7000000000005038e+00  4.2765261630406668e-02  4.6892117870911003e-01
      3090  7.7250000000005077e+00  4.2533132272845370e-02  4.6640204359082529e-01
      3100  7.7500000000005116e+00  4.2302256682076730e-02  4.6388341906361461e-01
      3110  7.7750000000005155e+00  4.2072634269556254e-02  4.6136564920394639e-01
      3120  7.8000000000005194e+00  4.1844264274834090e-02  4.5884907134615613e-01
      3130  7.8250000000005233e+00  4.1617145769138161e-02  4.5633401609812689e-01
      3140  7.8500000000005272e+00  4.1391277658948315e-02  4.5382080736263061e-01
      3150  7.8750000000005311e+00  4.1166658689558635e-02  4.5130976236398193e-01
      3160  7.9000000000005350e+00  4.0943287448624988e-02  4.4880119167966681e-01
      3170  7.9250000000005389e+00  4.0721162369695118e-02  4.4629539927661199e-01
      3180  7.9500000000005429e+00  4.0500281735719452e-02  4.4379268255177671e-01
      3190  7.9750000000005468e+00  4.0280643682539584e-02  4.4129333237674881e-01
