         0  0.0000000000000000e+00  1.2500000000000000e-01  3.7500000000000000e-01
        10  2.4999999999999998e-02  1.2490628311598830e-01  3.7474322187480165e-01
        20  5.0000000000000010e-02  1.2481262432579798e-01  3.7453520638138284e-01
        30  7.5000000000000025e-02  1.2471901147176706e-01  3.7437570298747995e-01
        40  1.0000000000000005e-01  1.2462543245851956e-01  3.7426448891310023e-01
        50  1.2500000000000006e-01  1.2453187524956968e-01  3.7420136858679220e-01
        60  1.5000000000000008e-01  1.2443832786525162e-01  3.7418617310699399e-01
        70  1.7500000000000010e-01  1.2434477838179564e-01  3.7421875970518281e-01
        80  2.0000000000000012e-01  1.2425121493134379e-01  3.7429901120715610e-01
        90  2.2500000000000014e-01  1.2415762570267952e-01  3.7442683548850662e-01
       100  2.5000000000000017e-01  1.2406399894242811e-01  3.7460216492020813e-01
       110  2.7500000000000019e-01  1.2397032295647554e-01  3.7482495580021710e-01
       120  3.0000000000000021e-01  1.2387658611135593e-01  3.7509518776713277e-01
       130  3.2500000000000023e-01  1.2378277683536140e-01  3.7541286319220071e-01
       140  3.5000000000000026e-01  1.2368888361914247e-01  3.7577800654631295e-01
       150  3.7500000000000028e-01  1.2359489501558616e-01  3.7619066373911524e-01
       160  4.0000000000000030e-01  1.2350079963878340e-01  3.7665090142787074e-01
       170  4.2500000000000032e-01  1.2340658616192500e-01  3.7715880629431762e-01
       180  4.5000000000000034e-01  1.2331224331400073e-01  3.7771448428839732e-01
       190  4.7500000000000037e-01  1.2321775987520521e-01  3.7831805983835501e-01
       200  5.0000000000000033e-01  1.2312312467099723e-01  3.7896967502737242e-01
       210  5.2499999999999980e-01  1.2302832656478872e-01  3.7966948873748247e-01
       220  5.4999999999999927e-01  1.2293335444927940e-01  3.8041767576209629e-01
       230  5.7499999999999873e-01  1.2283819723648698e-01  3.8121442588898425e-01
       240  5.9999999999999820e-01  1.2274284384655199e-01  3.8205994295598629e-01
       250  6.2499999999999767e-01  1.2264728319542923e-01  3.8295444388210642e-01
       260  6.4999999999999714e-01  1.2255150418160233e-01  3.8389815767692419e-01
       270  6.7499999999999660e-01  1.2245549567197581e-01  3.8489132443144201e-01
       280  6.9999999999999607e-01  1.2235924648712606e-01  3.8593419429362586e-01
       290  7.2499999999999554e-01  1.2226274538609534e-01  3.8702702643188871e-01
       300  7.4999999999999500e-01  1.2216598105092998e-01  3.8817008798973595e-01
       310  7.7499999999999447e-01  1.2206894207116624e-01  3.8936365303465310e-01
       320  7.9999999999999394e-01  1.2197161692846748e-01  3.9060800150411674e-01
       330  8.2499999999999341e-01  1.2187399398161486e-01  3.9190341815135637e-01
       340  8.4999999999999287e-01  1.2177606145204634e-01  3.9325019149318625e-01
       350  8.7499999999999234e-01  1.2167780741012918e-01  3.9464861276187958e-01
       360  8.9999999999999181e-01  1.2157921976233942e-01  3.9609897486268227e-01
       370  9.2499999999999127e-01  1.2148028623950583e-01  3.9760157133816701e-01
       380  9.4999999999999074e-01  1.2138099438625976e-01  3.9915669534022414e-01
       390  9.7499999999999021e-01  1.2128133155181471e-01  4.0076463861008480e-01
       400  9.9999999999998967e-01  1.2118128488217810e-01  4.0242569046637380e-01
       410  1.0249999999999893e+00  1.2108084131388114e-01  4.0414013680082727e-01
       420  1.0499999999999887e+00  1.2097998756928938e-01  4.0590825908095431e-01
       430  1.0749999999999882e+00  1.2087871015353805e-01  4.0773033335861911e-01
       440  1.0999999999999877e+00  1.2077699535311831e-01  4.0960662928325885e-01
       450  1.1249999999999871e+00  1.2067482923611919e-01  4.1153740911822685e-01
       460  1.1499999999999866e+00  1.2057219765411370e-01  4.1352292675859314e-01
       470  1.1749999999999861e+00  1.2046908624566247e-01  4.1556342674863465e-01
       480  1.1999999999999855e+00  1.2036548044139090e-01  4.1765914329720062e-01
       490  1.2249999999999850e+00  1.2026136547058427e-01  4.1981029928916784e-01
       500  1.2499999999999845e+00  1.2015672636923317e-01  4.2201710529129675e-01
       510  1.2749999999999839e+00  1.2005154798945058e-01  4.2427975855095555e-01
       520  1.2999999999999834e+00  1.1994581501017441e-01  4.2659844198641773e-01
       530  1.3249999999999829e+00  1.1983951194906268e-01  4.2897332316774383e-01
       540  1.3499999999999823e+00  1.1973262317548156e-01  4.3140455328762013e-01
       550  1.3749999999999818e+00  1.1962513292448562e-01  4.3389226612197883e-01
       560  1.3999999999999813e+00  1.1951702531168473e-01  4.3643657698071844e-01
       570  1.4249999999999807e+00  1.1940828434889229e-01  4.3903758164940813e-01
       580  1.4499999999999802e+00  1.1929889396045009e-01  4.4169535532348184e-01
       590  1.4749999999999797e+00  1.1918883800012403e-01  4.4440995153708862e-01
       600  1.4999999999999791e+00  1.1907810026847125e-01  4.4718140108948770e-01
       610  1.5249999999999786e+00  1.1896666453057612e-01  4.5000971097260238e-01
       620  1.5499999999999781e+00  1.1885451453406269e-01  4.5289486330413471e-01
       630  1.5749999999999775e+00  1.1874163402728854e-01  4.5583681427140317e-01
       640  1.5999999999999770e+00  1.1862800677763426e-01  4.5883549309185866e-01
       650  1.6249999999999765e+00  1.1851361658980434e-01  4.6189080099699274e-01
       660  1.6499999999999759e+00  1.1839844732406013e-01  4.6500261024709185e-01
       670  1.6749999999999754e+00  1.1828248291431110e-01  4.6817076318498329e-01
       680  1.6999999999999749e+00  1.1816570738599307e-01  4.7139507133755045e-01
       690  1.7249999999999743e+00  1.1804810487366844e-01  4.7467531457434939e-01
       700  1.7499999999999738e+00  1.1792965963828541e-01  4.7801124033311606e-01
       710  1.7749999999999733e+00  1.1781035608403778e-01  4.8140256292229953e-01
       720  1.7999999999999727e+00  1.1769017877477076e-01  4.8484896291097756e-01
       730  1.8249999999999722e+00  1.1756911244988044e-01  4.8835008661658432e-01
       740  1.8499999999999717e+00  1.1744714203965673e-01  4.9190554570079498e-01
       750  1.8749999999999711e+00  1.1732425268002567e-01  4.9551491688368197e-01
       760  1.8999999999999706e+00  1.1720042972664429e-01  4.9917774178581460e-01
       770  1.9249999999999701e+00  1.1707565876830788e-01  5.0289352690739611e-01
       780  1.9499999999999695e+00  1.1694992563962899e-01  5.0666174375274286e-01
       790  1.9749999999999690e+00  1.1682321643295079e-01  5.1048182910746257e-01
       800  1.9999999999999685e+00  1.1669551750945881e-01  5.1435318547456875e-01
       810  2.0249999999999679e+00  1.1656681550945806e-01  5.1827518167449253e-01
       820  2.0499999999999674e+00  1.1643709736178397e-01  5.2224715361253583e-01
       830  2.0749999999999669e+00  1.1630635029231866e-01  5.2626840521577882e-01
       840  2.0999999999999663e+00  1.1617456183158673e-01  5.3033820953981873e-01
       850  2.1249999999999658e+00  1.1604171982140778e-01  5.3445581004401992e-01
       860  2.1499999999999653e+00  1.1590781242058628e-01  5.3862042203221112e-01
       870  2.1749999999999647e+00  1.1577282810962260e-01  5.4283123425401226e-01
       880  2.1999999999999642e+00  1.1563675569443469e-01  5.4708741066025002e-01
       890  2.2249999999999637e+00  1.1549958430908144e-01  5.5138809230422634e-01
       900  2.2499999999999631e+00  1.1536130341748740e-01  5.5573239937902954e-01
       910  2.2749999999999626e+00  1.1522190281416875e-01  5.6011943337957026e-01
       920  2.2999999999999621e+00  1.1508137262397038e-01  5.6454827937669420e-01
       930  2.3249999999999615e+00  1.1493970330082517e-01  5.6901800838952287e-01
       940  2.3499999999999610e+00  1.1479688562555547e-01  5.7352767984117485e-01
       950  2.3749999999999605e+00  1.1465291070273910e-01  5.7807634408219391e-01
       960  2.3999999999999599e+00  1.1450776995666954e-01  5.8266304496540778e-01
       970  2.4249999999999594e+00  1.1436145512644520e-01  5.8728682245553619e-01
       980  2.4499999999999589e+00  1.1421395826022569e-01  5.9194671525667204e-01
       990  2.4749999999999583e+00  1.1406527170870013e-01  5.9664176344078161e-01
      1000  2.4999999999999578e+00  1.1391538811781460e-01  6.0137101106057758e-01
      1010  2.5249999999999573e+00  1.1376430042081104e-01  6.0613350873052675e-01
      1020  2.5499999999999567e+00  1.1361200182963205e-01  6.1092831616032505e-01
      1030  2.5749999999999562e+00  1.1345848582574896e-01  6.1575450462590693e-01
      1040  2.5999999999999557e+00  1.1330374615047354e-01  6.2061115936392596e-01
      1050  2.6249999999999551e+00  1.1314777679481249e-01  6.2549738187661813e-01
      1060  2.6499999999999546e+00  1.1299057198892761e-01  6.3041229213505078e-01
      1070  2.6749999999999541e+00  1.1283212619126235e-01  6.3535503066989881e-01
      1080  2.6999999999999535e+00  1.1267243407739603e-01  6.4032476054009726e-01
      1090  2.7249999999999530e+00  1.1251149052868540e-01  6.4532066917095070e-01
      1100  2.7499999999999525e+00  1.1234929062075137e-01  6.5034197005451908e-01
      1110  2.7749999999999519e+00  1.1218582961186739e-01  6.5538790430633935e-01
      1120  2.7999999999999514e+00  1.1202110293130253e-01  6.6045774207374895e-01
      1130  2.8249999999999509e+00  1.1185510616766925e-01  6.6555078379224856e-01
      1140  2.8499999999999504e+00  1.1168783505732378e-01  6.7066636128746140e-01
      1150  2.8749999999999498e+00  1.1151928547286209e-01  6.7580383872129664e-01
      1160  2.8999999999999493e+00  1.1134945341175175e-01  6.8096261338190287e-01
      1170  2.9249999999999488e+00  1.1117833498513603e-01  6.8614211631789344e-01
      1180  2.9499999999999482e+00  1.1100592640684334e-01  6.9134181281812430e-01
      1190  2.9749999999999477e+00  1.1083222398263034e-01  6.9656120273901125e-01
      1200  2.9999999999999472e+00  1.1065722409968546e-01  7.0179982068197852e-01
      1210  3.0249999999999466e+00  1.1048092321641437e-01  7.0705723602412212e-01
      1220  3.0499999999999461e+00  1.1030331785252766e-01  7.1233305280556869e-01
      1230  3.0749999999999456e+00  1.1012440457944743e-01  7.1762690947728807e-01
      1240  3.0999999999999450e+00  1.0994418001104693e-01  7.2293847851329553e-01
      1250  3.1249999999999445e+00  1.0976264079473686e-01  7.2826746589126048e-01
      1260  3.1499999999999440e+00  1.0957978360290839e-01  7.3361361044551460e-01
      1270  3.1749999999999434e+00  1.0939560512474368e-01  7.3897668309635831e-01
      1280  3.1999999999999429e+00  1.0921010205840375e-01  7.4435648595939375e-01
      1290  3.2249999999999424e+00  1.0902327110360133e-01  7.4975285133839036e-01
      1300  3.2499999999999418e+00  1.0883510895457015e-01  7.5516564060495245e-01
      1310  3.2749999999999413e+00  1.0864561229343930e-01  7.6059474296801040e-01
      1320  3.2999999999999408e+00  1.0845477778402441e-01  7.6604007413595047e-01
      1330  3.3249999999999402e+00  1.0826260206604696e-01  7.7150157487405876e-01
      1340  3.3499999999999397e+00  1.0806908174979677e-01  7.7697920945992882e-01
      1350  3.3749999999999392e+00  1.0787421341125074e-01  7.8247296403958905e-01
      1360  3.3999999999999386e+00  1.0767799358766653e-01  7.8798284488741355e-01
      1370  3.4249999999999381e+00  1.0748041877366863e-01  7.9350887657337985e-01
      1380  3.4499999999999376e+00  1.0728148541784562e-01  7.9905110004197488e-01
      1390  3.4749999999999370e+00  1.0708118991988030e-01  8.0460957060803181e-01
      1400  3.4999999999999365e+00  1.0687952862823300e-01  8.1018435587597392e-01
      1410  3.5249999999999360e+00  1.0667649783839950e-01  8.1577553359033742e-01
      1420  3.5499999999999354e+00  1.0647209379176344e-01  8.2138318942696591e-01
      1430  3.5749999999999349e+00  1.0626631267506391e-01  8.2700741473584954e-01
      1440  3.5999999999999344e+00  1.0605915062049414e-01  8.3264830424808767e-01
      1450  3.6249999999999338e+00  1.0585060370644635e-01  8.3830595376077253e-01
      1460  3.6499999999999333e+00  1.0564066795891616e-01  8.4398045781457493e-01
      1470  3.6749999999999328e+00  1.0542933935357248e-01  8.4967190737926413e-01
      1480  3.6999999999999322e+00  1.0521661381849907e-01  8.5538038756221091e-01
      1490  3.7249999999999317e+00  1.0500248723760844e-01  8.6110597535390718e-01
      1500  3.7499999999999312e+00  1.0478695545472435e-01  8.6684873742259147e-01
      1510  3.7749999999999306e+00  1.0457001427833040e-01  8.7260872796713901e-01
      1520  3.7999999999999301e+00  1.0435165948697463e-01  8.7838598663337103e-01
      1530  3.8249999999999296e+00  1.0413188683532630e-01  8.8418053649400291e-01
      1540  3.8499999999999290e+00  1.0391069206087712e-01  8.8999238208659126e-01
      1550  3.8749999999999285e+00  1.0368807089128568e-01  8.9582150749734158e-01
      1560  3.8999999999999280e+00  1.0346401905236911e-01  9.0166787447171043e-01
      1570  3.9249999999999274e+00  1.0323853227675255e-01  9.0753142052572445e-01
      1580  3.9499999999999269e+00  1.0301160631319856e-01  9.1341205702523689e-01
      1590  3.9749999999999264e+00  1.0278323693665015e-01  9.1930966719433808e-01
      1600  3.9999999999999258e+00  1.0255341995903491e-01  9.2522410400926590e-01
      1610  4.0249999999999293e+00  1.0232215124089350e-01  9.3115518793080772e-01
      1620  4.0499999999999332e+00  1.0208942670391022e-01  9.3710270442669635e-01
      1630  4.0749999999999371e+00  1.0185524234444063e-01  9.4306640123616101e-01
      1640  4.0999999999999410e+00  1.0161959424814389e-01  9.4904598533175381e-01
      1650  4.1249999999999449e+00  1.0138247860584231e-01  9.5504111953891269e-01
      1660  4.1499999999999488e+00  1.0114389173073726e-01  9.6105141878135565e-01
      1670  4.1749999999999527e+00  1.0090383007711952e-01  9.6707644593015072e-01
      1680  4.1999999999999567e+00  1.0066229026071027e-01  9.7311570724582328e-01
      1690  4.2249999999999606e+00  1.0041926908076654e-01  9.7916864741575362e-01
      1700  4.2499999999999645e+00  1.0017476354407177e-01  9.8523464420281649e-01
      1710  4.2749999999999684e+00  9.9928770890914897e-02  9.9131300273517733e-01
      1720  4.2999999999999723e+00  9.9681288623135986e-02  9.9740294948076667e-01
      1730  4.3249999999999762e+00  9.9432314534283240e-02  1.0035036259625769e+00
      1740  4.3499999999999801e+00  9.9181846741886327e-02  1.0096140822820271e+00
      1750  4.3749999999999840e+00  9.8929883721802832e-02  1.0157332705267004e+00
      1760  4.3999999999999879e+00  9.8676424344542743e-02  1.0218600381453921e+00
      1770  4.4249999999999918e+00  9.8421467913415249e-02  1.0279931213773274e+00
      1780  4.4499999999999957e+00  9.8165014204279542e-02  1.0341311388234874e+00
      1790  4.4749999999999996e+00  9.7907063506616712e-02  1.0402725852462518e+00
      1800  4.5000000000000036e+00  9.7647616665571745e-02  1.0464158256791688e+00
      1810  4.5250000000000075e+00  9.7386675124550478e-02  1.0525590899219511e+00
      1820  4.5500000000000114e+00  9.7124240967897182e-02  1.0587004674872422e+00
      1830  4.5750000000000153e+00  9.6860316963121470e-02  1.0648379030558555e+00
      1840  4.6000000000000192e+00  9.6594906602102186e-02  1.0709691924868144e+00
      1850  4.6250000000000231e+00  9.6328014140665296e-02  1.0770919794183525e+00
      1860  4.6500000000000270e+00  9.6059644635918719e-02  1.0832037524868941e+00
      1870  4.6750000000000309e+00  9.5789803980734702e-02  1.0893018431837441e+00
      1880  4.7000000000000348e+00  9.5518498934801506e-02  1.0953834243645637e+00
      1890  4.7250000000000387e+00  9.5245737151721919e-02  1.1014455094253189e+00
      1900  4.7500000000000426e+00  9.4971527201722043e-02  1.1074849521608417e+00
      1910  4.7750000000000465e+00  9.4695878589647225e-02  1.1134984473286473e+00
      1920  4.8000000000000504e+00  9.4418801768061869e-02  1.1194825319512636e+00
      1930  4.8250000000000544e+00  9.4140308145437849e-02  1.1254335874046502e+00
      1940  4.8500000000000583e+00  9.3860410089599486e-02  1.1313478423575459e+00
      1950  4.8750000000000622e+00  9.3579120926793409e-02  1.1372213766455961e+00
      1960  4.9000000000000661e+00  9.3296454936949643e-02  1.1430501261832093e+00
      1970  4.9250000000000700e+00  9.3012427345890703e-02  1.1488298890332432e+00
      1980  4.9500000000000739e+00  9.2727054315414465e-02  1.1545563327675133e+00
      1990  4.9750000000000778e+00  9.2440352932302273e-02  1.1602250032572340e+00
      2000  5.0000000000000817e+00  9.2152341197383255e-02  1.1658313350294771e+00
      2010  5.0250000000000856e+00  9.1863038015796710e-02  1.1713706633114781e+00
      2020  5.0500000000000895e+00  9.1572463189534323e-02  1.1768382378576767e+00
      2030  5.0750000000000934e+00  9.1280637413201929e-02  1.1822292386142381e+00
      2040  5.1000000000000973e+00  9.0987582273724981e-02  1.1875387932230649e+00
      2050  5.1250000000001013e+00  9.0693320254431182e-02  1.1927619963038974e+00
      2060  5.1500000000001052e+00  9.0397874743600480e-02  1.1978939303822104e+00
      2070  5.1750000000001091e+00  9.0101270047188929e-02  1.2029296882565741e+00
      2080  5.2000000000001130e+00  8.9803531405039714e-02  1.2078643965270874e+00
      2090  5.2250000000001169e+00  8.9504685009516068e-02  1.2126932399418462e+00
      2100  5.2500000000001208e+00  8.9204758025154905e-02  1.2174114861664360e+00
      2110  5.2750000000001247e+00  8.8903778607674552e-02  1.2220145105465636e+00
      2120  5.3000000000001286e+00  8.8601775920496225e-02  1.2264978204193800e+00
      2130  5.3250000000001325e+00  8.8298780146869909e-02  1.2308570785362465e+00
      2140  5.3500000000001364e+00  8.7994822495739931e-02  1.2350881251883792e+00
      2150  5.3750000000001403e+00  8.7689935199640474e-02  1.2391869986747327e+00
      2160  5.4000000000001442e+00  8.7384151503168445e-02  1.2431499538149320e+00
      2170  5.4250000000001481e+00  8.7077505640917910e-02  1.2469734782840142e+00
      2180  5.4500000000001521e+00  8.6770032804159153e-02  1.2506543066246669e+00
      2190  5.4750000000001560e+00  8.6461769095976194e-02  1.2541894318708938e+00
      2200  5.5000000000001599e+00  8.6152751475013366e-02  1.2575761147895378e+00
      2210  5.5250000000001638e+00  8.5843017688395648e-02  1.2608118908087417e+00
      2220  5.5500000000001677e+00  8.5532606194763757e-02  1.2638945747524372e+00
      2230  5.5750000000001716e+00  8.5221556078674616e-02  1.2668222635359306e+00
      2240  5.6000000000001755e+00  8.4909906957860292e-02  1.2695933369995605e+00
      2250  5.6250000000001794e+00  8.4597698885000472e-02  1.2722064570663578e+00
      2260  5.6500000000001833e+00  8.4284972245746326e-02  1.2746605654076214e+00
      2270  5.6750000000001872e+00  8.3971767654745431e-02  1.2769548797898449e+00
      2280  5.7000000000001911e+00  8.3658125851358873e-02  1.2790888892601675e+00
      2290  5.7250000000001950e+00  8.3344087596654188e-02  1.2810623483081036e+00
      2300  5.7500000000001990e+00  8.3029693573100801e-02  1.2828752701209985e+00
      2310  5.7750000000002029e+00  8.2714984288216143e-02  1.2845279190313342e+00
      2320  5.8000000000002068e+00  8.2399999983206122e-02  1.2860208022369840e+00
      2330  5.8250000000002107e+00  8.2084780547439892e-02  1.2873546608616385e+00
      2340  5.8500000000002146e+00  8.1769365439392800e-02  1.2885304604122718e+00
      2350  5.8750000000002185e+00  8.1453793614499527e-02  1.2895493806836936e+00
      2360  5.9000000000002224e+00  8.1138103460180199e-02  1.2904128051566653e+00
      2370  5.9250000000002263e+00  8.0822332738144923e-02  1.2911223099352762e+00
      2380  5.9500000000002302e+00  8.0506518533946784e-02  1.2916796522707255e+00
      2390  5.9750000000002341e+00  8.0190697213638088e-02  1.2920867587216894e+00
      2400  6.0000000000002380e+00  7.9874904387293401e-02  1.2923457130054994e+00
      2410  6.0250000000002419e+00  7.9559174879092775e-02  1.2924587435988557e+00
      2420  6.0500000000002458e+00  7.9243542703604414e-02  1.2924282111512273e+00
      2430  6.0750000000002498e+00  7.8928041047871573e-02  1.2922565957780963e+00
      2440  6.1000000000002537e+00  7.8612702258886000e-02  1.2919464843044060e+00
      2450  6.1250000000002576e+00  7.8297557836020231e-02  1.2915005575307817e+00
      2460  6.1500000000002615e+00  7.7982638427989724e-02  1.2909215775961024e+00
      2470  6.1750000000002654e+00  7.7667973833922286e-02  1.2902123755097678e+00
      2480  6.2000000000002693e+00  7.7353593008123330e-02  1.2893758389254729e+00
      2490  6.2250000000002732e+00  7.7039524068140066e-02  1.2884149002255214e+00
      2500  6.2500000000002771e+00  7.6725794305745225e-02  1.2873325249807674e+00
      2510  6.2750000000002810e+00  7.6412430200477569e-02  1.2861317008462782e+00
      2520  6.3000000000002849e+00  7.6099457435396519e-02  1.2848154269469487e+00
      2530  6.3250000000002888e+00  7.5786900914724042e-02  1.2833867038007073e+00
      2540  6.3500000000002927e+00  7.5474784783064999e-02  1.2818485238198606e+00
      2550  6.3750000000002967e+00  7.5163132445913413e-02  1.2802038624237194e+00
      2560  6.4000000000003006e+00  7.4851966591165806e-02  1.2784556697881110e+00
      2570  6.4250000000003045e+00  7.4541309211377465e-02  1.2766068632499268e+00
      2580  6.4500000000003084e+00  7.4231181626509789e-02  1.2746603203776197e+00
      2590  6.4750000000003123e+00  7.3921604506928960e-02  1.2726188727117149e+00
      2600  6.5000000000003162e+00  7.3612597896426858e-02  1.2704853001730182e+00
      2610  6.5250000000003201e+00  7.3304181235045828e-02  1.2682623261304003e+00
      2620  6.5500000000003240e+00  7.2996373381498915e-02  1.2659526131148182e+00
      2630  6.5750000000003279e+00  7.2689192634987700e-02  1.2635587591616295e+00
      2640  6.6000000000003318e+00  7.2382656756228850e-02  1.2610832947592239e+00
      2650  6.6250000000003357e+00  7.2076782987511815e-02  1.2585286803785027e+00
      2660  6.6500000000003396e+00  7.1771588071620490e-02  1.2558973045547235e+00
      2670  6.6750000000003435e+00  7.1467088269464000e-02  1.2531914824906399e+00
      2680  6.7000000000003475e+00  7.1163299376274605e-02  1.2504134551476597e+00
      2690  6.7250000000003514e+00  7.0860236736246451e-02  1.2475653887899315e+00
      2700  6.7500000000003553e+00  7.0557915255505245e-02  1.2446493749448130e+00
      2710  6.7750000000003592e+00  7.0256349413319055e-02  1.2416674307421792e+00
      2720  6.8000000000003631e+00  6.9955553271482821e-02  1.2386214995945148e+00
      2730  6.8250000000003670e+00  6.9655540481833912e-02  1.2355134521797824e+00
      2740  6.8500000000003709e+00  6.9356324291884274e-02  1.2323450876897620e+00
      2750  6.8750000000003748e+00  6.9057917548584666e-02  1.2291181353079176e+00
      2760  6.9000000000003787e+00  6.8760332700268797e-02  1.2258342558828938e+00
      2770  6.9250000000003826e+00  6.8463581796858107e-02  1.2224950437664269e+00
      2780  6.9500000000003865e+00  6.8167676488441228e-02  1.2191020287876526e+00
      2790  6.9750000000003904e+00  6.7872628022374903e-02  1.2156566783394047e+00
      2800  7.0000000000003944e+00  6.7578447239082886e-02  1.2121603995558905e+00
      2810  7.0250000000003983e+00  6.7285144566756456e-02  1.2086145415649643e+00
      2820  7.0500000000004022e+00  6.6992730015184215e-02  1.2050203978018781e+00
      2830  7.0750000000004061e+00  6.6701213168955439e-02  1.2013792083747048e+00
      2840  7.1000000000004100e+00  6.6410603180295497e-02  1.1976921624744948e+00
      2850  7.1250000000004139e+00  6.6120908761797349e-02  1.1939604008255245e+00
      2860  7.1500000000004178e+00  6.5832138179315680e-02  1.1901850181727273e+00
      2870  7.1750000000004217e+00  6.5544299245284741e-02  1.1863670658045244e+00
      2880  7.2000000000004256e+00  6.5257399312712100e-02  1.1825075541098865e+00
      2890  7.2250000000004295e+00  6.4971445270085922e-02  1.1786074551685827e+00
      2900  7.2500000000004334e+00  6.4686443537416488e-02  1.1746677053733487e+00
      2910  7.2750000000004373e+00  6.4402400063609987e-02  1.1706892080821704e+00
      2920  7.3000000000004412e+00  6.4119320325351590e-02  1.1666728362981861e+00
      2930  7.3250000000004452e+00  6.3837209327648308e-02  1.1626194353738934e+00
      2940  7.3500000000004491e+00  6.3556071606157701e-02  1.1585298257355229e+00
      2950  7.3750000000004530e+00  6.3275911231402996e-02  1.1544048056226358e+00
      2960  7.4000000000004569e+00  6.2996731814949125e-02  1.1502451538372903e+00
      2970  7.4250000000004608e+00  6.2718536517591088e-02  1.1460516324965171e+00
      2980  7.4500000000004647e+00  6.2441328059582135e-02  1.1418249897813752e+00
      2990  7.4750000000004686e+00  6.2165108732907972e-02  1.1375659626755290e+00
      3000  7.5000000000004725e+00  6.1889880415592893e-02  1.1332752796861013e+00
      3010  7.5250000000004764e+00  6.1615644588005280e-02  1.1289536635395106e+00
      3020  7.5500000000004803e+00  6.1342402351114085e-02  1.1246018338450697e+00
      3030  7.5750000000004842e+00  6.1070154446630891e-02  1.1202205097193015e+00
      3040  7.6000000000004881e+00  6.0798901278960792e-02  1.1158104123642084e+00
      3050  7.6250000000004921e+00  6.0528642938871042e-02  1.1113722675930625e+00
      3060  7.6500000000004960e+00  6.0259379228776836e-02  1.1069068082976891e+00
      3070  7.6750000000004999e+00  5.9991109689532545e-02  1.1024147768516506e+00
      3080  7.7000000000005038e+00  5.9723833628608024e-02  1.0978969274441957e+00
      3090  7.7250000000005077e+00  5.9457550149520630e-02  1.0933540283403178e+00
      3100  7.7500000000005116e+00  5.9192258182385607e-02  1.0887868640627471e+00
      3110  7.7750000000005155e+00  5.8927956515438998e-02  1.0841962374921845e+00
      3120  7.8000000000005194e+00  5.8664643827379477e-02  1.0795829718825771e+00
      3130  7.8250000000005233e+00  5.8402318720366884e-02  1.0749479127887199e+00
      3140  7.8500000000005272e+00  5.8140979753506359e-02  1.0702919299039622e+00
      3150  7.8750000000005311e+00  5.7880625476637660e-02  1.0656159188062896e+00
      3160  7.9000000000005350e+00  5.7621254464238485e-02  1.0609208026115429e+00
      3170  7.9250000000005389e+00  5.7362865349239153e-02  1.0562075335330077e+00
      3180  7.9500000000005429e+00  5.7105456856533283e-02  1.0514770943470499e+00
      3190  7.9750000000005468e+00  5.6849027835953724e-02  1.0467304997648404e+00
      3200  8.0000000000005507e+00  5.6593577294467737e-02  1.0419687977104701e+00
      3210  8.0250000000005457e+00  5.6339104427325838e-02  1.0371930705058315e+00
      3220  8.0500000000005407e+00  5.6085608647878871e-02  1.0324044359624550e+00
      3230  8.0750000000005357e+00  5.5833089615754407e-02  1.0276040483799533e+00
      3240  8.1000000000005308e+00  5.5581547263058851e-02  1.0227930994496990e+00
      3250  8.1250000000005258e+00  5.5330981818244230e-02  1.0179728190607546e+00
      3260  8.1500000000005208e+00  5.5081393827249790e-02  1.0131444760027289e+00
      3270  8.1750000000005159e+00  5.4832784171498845e-02  1.0083093785570401e+00
      3280  8.2000000000005109e+00  5.4585154082300974e-02  1.0034688749639246e+00
      3290  8.2250000000005059e+00  5.4338505151181562e-02  9.9862435374736706e-01
      3300  8.2500000000005009e+00  5.4092839335634357e-02  9.9377724387392022e-01
      3310  8.2750000000004960e+00  5.3848158959771991e-02  9.8892901471420303e-01
      3320  8.3000000000004910e+00  5.3604466709336593e-02  9.8408117576785510e-01
      3330  8.3250000000004860e+00  5.3361765620529049e-02  9.7923527610412625e-01
      3340  8.3500000000004810e+00  5.3120059062126368e-02  9.7439290346147877e-01
      3350  8.3750000000004761e+00  5.2879350710384827e-02  9.6955568294108223e-01
      3360  8.4000000000004711e+00  5.2639644516273119e-02  9.6472527522145682e-01
      3370  8.4250000000004661e+00  5.2400944664652331e-02  9.5990337421554081e-01
      3380  8.4500000000004611e+00  5.2163255525116749e-02  9.5509170408786702e-01
      3390  8.4750000000004562e+00  5.1926581594335471e-02  9.5029201554915057e-01
      3400  8.5000000000004512e+00  5.1690927429890692e-02  9.4550608134921205e-01
      3410  8.5250000000004462e+00  5.1456297575792986e-02  9.4073569089746677e-01
      3420  8.5500000000004412e+00  5.1222696480067207e-02  9.3598264395371974e-01
      3430  8.5750000000004363e+00  5.0990128405039164e-02  9.3124874335103496e-01
      3440  8.6000000000004313e+00  5.0758597331209731e-02  9.2653578673694998e-01
      3450  8.6250000000004263e+00  5.0528106855871205e-02  9.2184555734895786e-01
      3460  8.6500000000004214e+00  5.0298660087893305e-02  9.1717981387421774e-01
      3470  8.6750000000004164e+00  5.0070259540370275e-02  9.1254027948076223e-01
      3480  8.7000000000004114e+00  4.9842907023068331e-02  9.0792863014656962e-01
      3490  8.7250000000004064e+00  4.9616603536828566e-02  9.0334648245197031e-01
      3500  8.7500000000004015e+00  4.9391349172255143e-02  8.9879538103797303e-01
      3510  8.7750000000003965e+00  4.9167143015137929e-02  8.9427678596613290e-01
      3520  8.8000000000003915e+00  4.8943983061115565e-02  8.8979206024249274e-01
      3530  8.8250000000003865e+00  4.8721866142067161e-02  8.8534245778702402e-01
      3540  8.8500000000003816e+00  4.8500787866626318e-02  8.8092911213931754e-01
      3550  8.8750000000003766e+00  4.8280742577034694e-02  8.7655302618990576e-01
      3560  8.9000000000003716e+00  4.8061723324295616e-02  8.7221506321392224e-01
      3570  8.9250000000003666e+00  4.7843721863255649e-02  8.6791593945985350e-01
      3580  8.9500000000003617e+00  4.7626728668840653e-02  8.6365621851149681e-01
      3590  8.9750000000003567e+00  4.7410732974215539e-02  8.5943630759714595e-01
      3600  9.0000000000003517e+00  4.7195722831135041e-02  8.5525645596819265e-01
      3610  9.0250000000003467e+00  4.6981685192225470e-02  8.5111675541194575e-01
      3620  9.0500000000003418e+00  4.6768606014400083e-02  8.4701714290297265e-01
      3630  9.0750000000003368e+00  4.6556470382084017e-02  8.4295740533629804e-01
      3640  9.1000000000003318e+00  4.6345262648424433e-02  8.3893718622693802e-01
      3650  9.1250000000003268e+00  4.6134966592207524e-02  8.3495599420599622e-01
      3660  9.1500000000003219e+00  4.5925565587809944e-02  8.3101321309606989e-01
      3670  9.1750000000003169e+00  4.5717042785191013e-02  8.2710811330980414e-01
      3680  9.2000000000003119e+00  4.5509381296695484e-02  8.2323986428643837e-01
      3690  9.2250000000003070e+00  4.5302564387288055e-02  8.1940754766289363e-01
      3700  9.2500000000003020e+00  4.5096575664786528e-02  8.1561017086867251e-01
      3710  9.2750000000002970e+00  4.4891399266697272e-02  8.1184668083733324e-01
      3720  9.3000000000002920e+00  4.4687020040381860e-02  8.0811597754088161e-01
      3730  9.3250000000002871e+00  4.4483423713490737e-02  8.0441692707599378e-01
      3740  9.3500000000002821e+00  4.4280597051876920e-02  8.0074837406113259e-01
      3750  9.3750000000002771e+00  4.4078528002541505e-02  7.9710915313969899e-01
      3760  9.4000000000002721e+00  4.3877205819547304e-02  7.9349809942459815e-01
      3770  9.4250000000002672e+00  4.3676621171254693e-02  7.8991405776216948e-01
      3780  9.4500000000002622e+00  4.3476766227671353e-02  7.8635589073656877e-01
      3790  9.4750000000002572e+00  4.3277634727148360e-02  7.8282248537773501e-01
      3800  9.5000000000002522e+00  4.3079222022090948e-02  7.7931275857558690e-01
      3810  9.5250000000002473e+00  4.2881525103765718e-02  7.7582566123881854e-01
      3820  9.5500000000002423e+00  4.2684542606672424e-02  7.7236018126767761e-01
      3830  9.5750000000002373e+00  4.2488274793296190e-02  7.6891534543571354e-01
      3840  9.6000000000002323e+00  4.2292723520359455e-02  7.6549022029531489e-01
      3850  9.6250000000002274e+00  4.2097892187948735e-02  7.6208391223579097e-01
      3860  9.6500000000002224e+00  4.1903785673096441e-02  7.5869556683094051e-01
      3870  9.6750000000002174e+00  4.1710410249551021e-02  7.5532436761583892e-01
      3880  9.7000000000002125e+00  4.1517773495572602e-02  7.5196953443049658e-01
      3890  9.7250000000002075e+00  4.1325884191646727e-02  7.4863032146174873e-01
      3900  9.7500000000002025e+00  4.1134752210020414e-02  7.4530601510498952e-01
      3910  9.7750000000001975e+00  4.0944388397935690e-02  7.4199593175492617e-01
      3920  9.8000000000001926e+00  4.0754804456373997e-02  7.3869941562021689e-01
      3930  9.8250000000001876e+00  4.0566012816031253e-02  7.3541583664140269e-01
      3940  9.8500000000001826e+00  4.0378026512128478e-02  7.3214458857566662e-01
      3950  9.8750000000001776e+00  4.0190859059528373e-02  7.2888508729625405e-01
      3960  9.9000000000001727e+00  4.0004524329481440e-02  7.2563676933939218e-01
      3970  9.9250000000001677e+00  3.9819036429170657e-02  7.2239909071766827e-01
      3980  9.9500000000001627e+00  3.9634409585065588e-02  7.1917152600637814e-01
      3990  9.9750000000001577e+00  3.9450658030938771e-02  7.1595356769853606e-01
      4000  1.0000000000000153e+01  3.9267795901244315e-02  7.1274472581517037e-01
