         0  0.0000000000000000e+00  1.2500000000000000e-01  3.7500000000000000e-01
        10  2.4999999999999998e-02  1.2495313277148449e-01  3.7488379217773527e-01
        20  5.0000000000000010e-02  1.2490627702092806e-01  3.7481633498765551e-01
        30  7.5000000000000025e-02  1.2485942666244150e-01  3.7479752361271528e-01
        40  1.0000000000000005e-01  1.2481257562467681e-01  3.7482728070820472e-01
        50  1.2500000000000006e-01  1.2476571785093422e-01  3.7490555613278049e-01
        60  1.5000000000000008e-01  1.2471884730053500e-01  3.7503232668140785e-01
        70  1.7500000000000010e-01  1.2467195795129045e-01  3.7520759581734344e-01
        80  2.0000000000000012e-01  1.2462504380286946e-01  3.7543139339983310e-01
        90  2.2500000000000014e-01  1.2457809888084007e-01  3.7570377540384930e-01
       100  2.5000000000000017e-01  1.2453111724114109e-01  3.7602482362797523e-01
       110  2.7500000000000019e-01  1.2448409297472740e-01  3.7639464538646769e-01
       120  3.0000000000000021e-01  1.2443702021212771e-01  3.7681337318158908e-01
       130  3.2500000000000023e-01  1.2438989312765624e-01  3.7728116435249764e-01
       140  3.5000000000000026e-01  1.2434270594302830e-01  3.7779820069729710e-01
       150  3.7500000000000028e-01  1.2429545293014834e-01  3.7836468806528485e-01
       160  4.0000000000000030e-01  1.2424812841285960e-01  3.7898085591695031e-01
       170  4.2500000000000032e-01  1.2420072676747079e-01  3.7964695684986526e-01
       180  4.5000000000000034e-01  1.2415324242191013e-01  3.8036326608925852e-01
       190  4.7500000000000037e-01  1.2410566985338818e-01  3.8113008094272778e-01
       200  5.0000000000000033e-01  1.2405800358449045e-01  3.8194772021922483e-01
       210  5.2499999999999980e-01  1.2401023817765648e-01  3.8281652361310435e-01
       220  5.4999999999999927e-01  1.2396236822804278e-01  3.8373685105466582e-01
       230  5.7499999999999873e-01  1.2391438835480073e-01  3.8470908202918115e-01
       240  5.9999999999999820e-01  1.2386629319084015e-01  3.8573361486693049e-01
       250  6.2499999999999767e-01  1.2381807737117743e-01  3.8681086600718779e-01
       260  6.4999999999999714e-01  1.2376973552000082e-01  3.8794126923946442e-01
       270  6.7499999999999660e-01  1.2372126223660936e-01  3.8912527492557274e-01
       280  6.9999999999999607e-01  1.2367265208040361e-01  3.9036334920623940e-01
       290  7.2499999999999554e-01  1.2362389955512517e-01  3.9165597319607751e-01
       300  7.4999999999999500e-01  1.2357499909255318e-01  3.9300364217070231e-01
       310  7.7499999999999447e-01  1.2352594503587640e-01  3.9440686474967967e-01
       320  7.9999999999999394e-01  1.2347673162296023e-01  3.9586616207879883e-01
       330  8.2499999999999341e-01  1.2342735296973119e-01  3.9738206701491288e-01
       340  8.4999999999999287e-01  1.2337780305389409e-01  3.9895512331625829e-01
       350  8.7499999999999234e-01  1.2332807569919002e-01  4.0058588484078462e-01
       360  8.9999999999999181e-01  1.2327816456039135e-01  4.0227491475460123e-01
       370  9.2499999999999127e-01  1.2322806310921589e-01  4.0402278475218431e-01
       380  9.4999999999999074e-01  1.2317776462132508e-01  4.0583007428950155e-01
       390  9.7499999999999021e-01  1.2312726216455228e-01  4.0769736983070934e-01
       400  9.9999999999998967e-01  1.2307654858848690e-01  4.0962526410857181e-01
       410  1.0249999999999893e+00  1.2302561651551873e-01  4.1161435539824868e-01
       420  1.0499999999999887e+00  1.2297445833342564e-01  4.1366524680361384e-01
       430  1.0749999999999882e+00  1.2292306618956425e-01  4.1577854555479455e-01
       440  1.0999999999999877e+00  1.2287143198670250e-01  4.1795486231518865e-01
       450  1.1249999999999871e+00  1.2281954738051287e-01  4.2019481049581737e-01
       460  1.1499999999999866e+00  1.2276740377872196e-01  4.2249900557450535e-01
       470  1.1749999999999861e+00  1.2271499234189614e-01  4.2486806441707563e-01
       480  1.1999999999999855e+00  1.2266230398582466e-01  4.2730260459748397e-01
       490  1.2249999999999850e+00  1.2260932938544372e-01  4.2980324371360703e-01
       500  1.2499999999999845e+00  1.2255605898023421e-01  4.3237059869526409e-01
       510  1.2749999999999839e+00  1.2250248298101113e-01  4.3500528510095778e-01
       520  1.2999999999999834e+00  1.2244859137801283e-01  4.3770791639980308e-01
       530  1.3249999999999829e+00  1.2239437395019108e-01  4.4047910323516078e-01
       540  1.3499999999999823e+00  1.2233982027559380e-01  4.4331945266659862e-01
       550  1.3749999999999818e+00  1.2228491974273048e-01  4.4622956738698959e-01
       560  1.3999999999999813e+00  1.2222966156280504e-01  4.4921004491180227e-01
       570  1.4249999999999807e+00  1.2217403478270088e-01  4.5226147673796083e-01
       580  1.4499999999999802e+00  1.2211802829860186e-01  4.5538444747004011e-01
       590  1.4749999999999797e+00  1.2206163087013541e-01  4.5857953391202120e-01
       600  1.4999999999999791e+00  1.2200483113492599e-01  4.6184730412336797e-01
       610  1.5249999999999786e+00  1.2194761762345140e-01  4.6518831643878039e-01
       620  1.5499999999999781e+00  1.2188997877409775e-01  4.6860311845165183e-01
       630  1.5749999999999775e+00  1.2183190294831598e-01  4.7209224596199770e-01
       640  1.5999999999999770e+00  1.2177337844578686e-01  4.7565622189041876e-01
       650  1.6249999999999765e+00  1.2171439351950835e-01  4.7929555516053069e-01
       660  1.6499999999999759e+00  1.2165493639072595e-01  4.8301073955321256e-01
       670  1.6749999999999754e+00  1.2159499526363192e-01  4.8680225253699592e-01
       680  1.6999999999999749e+00  1.2153455833976624e-01  4.9067055407993674e-01
       690  1.7249999999999743e+00  1.2147361383205986e-01  4.9461608544937030e-01
       700  1.7499999999999738e+00  1.2141214997846291e-01  4.9863926800701513e-01
       710  1.7749999999999733e+00  1.2135015505511054e-01  5.0274050200799871e-01
       720  1.7999999999999727e+00  1.2128761738898202e-01  5.0692016541345971e-01
       730  1.8249999999999722e+00  1.2122452537001218e-01  5.1117861272744711e-01
       740  1.8499999999999717e+00  1.2116086746262220e-01  5.1551617386988518e-01
       750  1.8749999999999711e+00  1.2109663221663697e-01  5.1993315309833468e-01
       760  1.8999999999999706e+00  1.2103180827756140e-01  5.2442982799218977e-01
       770  1.9249999999999701e+00  1.2096638439619048e-01  5.2900644851373787e-01
       780  1.9499999999999695e+00  1.2090034943753039e-01  5.3366323616118919e-01
       790  1.9749999999999690e+00  1.2083369238900923e-01  5.3840038322929792e-01
       800  1.9999999999999685e+00  1.2076640236795943e-01  5.4321805219355920e-01
       810  2.0249999999999679e+00  1.2069846862835271e-01  5.4811637523412096e-01
       820  2.0499999999999674e+00  1.2062988056677256e-01  5.5309545391551282e-01
       830  2.0749999999999669e+00  1.2056062772760782e-01  5.5815535903801746e-01
       840  2.0999999999999663e+00  1.2049069980745450e-01  5.6329613067601646e-01
       850  2.1249999999999658e+00  1.2042008665871212e-01  5.6851777841789311e-01
       860  2.1499999999999653e+00  1.2034877829236318e-01  5.7382028182109599e-01
       870  2.1749999999999647e+00  1.2027676487992651e-01  5.7920359109475300e-01
       880  2.1999999999999642e+00  1.2020403675457556e-01  5.8466762802077896e-01
       890  2.2249999999999637e+00  1.2013058441141602e-01  5.9021228712277965e-01
       900  2.2499999999999631e+00  1.2005639850691862e-01  5.9583743709022190e-01
       910  2.2749999999999626e+00  1.1998146985750688e-01  6.0154292246336116e-01
       920  2.2999999999999621e+00  1.1990578943730107e-01  6.0732856558231098e-01
       930  2.3249999999999615e+00  1.1982934837502357e-01  6.1319416880145092e-01
       940  2.3499999999999610e+00  1.1975213795007534e-01  6.1913951696814580e-01
       950  2.3749999999999605e+00  1.1967414958779507e-01  6.2516438016250749e-01
       960  2.3999999999999599e+00  1.1959537485391709e-01  6.3126851669274020e-01
       970  2.4249999999999594e+00  1.1951580544824909e-01  6.3745167633849681e-01
       980  2.4499999999999589e+00  1.1943543319759245e-01  6.4371360383267199e-01
       990  2.4749999999999583e+00  1.1935425004793253e-01  6.5005404257021182e-01
      1000  2.4999999999999578e+00  1.1927224805592980e-01  6.5647273853085320e-01
      1010  2.5249999999999573e+00  1.1918941937974464e-01  6.6296944440124677e-01
      1020  2.5499999999999567e+00  1.1910575626923179e-01  6.6954392388067354e-01
      1030  2.5749999999999562e+00  1.1902125105554181e-01  6.7619595615356751e-01
      1040  2.5999999999999557e+00  1.1893589614016819e-01  6.8292534051128794e-01
      1050  2.6249999999999551e+00  1.1884968398347899e-01  6.8973190110505902e-01
      1060  2.6499999999999546e+00  1.1876260709277273e-01  6.9661549181170920e-01
      1070  2.6749999999999541e+00  1.1867465800989577e-01  7.0357600119374918e-01
      1080  2.6999999999999535e+00  1.1858582929845765e-01  7.1061335753546313e-01
      1090  2.7249999999999530e+00  1.1849611353067836e-01  7.1772753393697122e-01
      1100  2.7499999999999525e+00  1.1840550327389841e-01  7.2491855344866793e-01
      1110  2.7749999999999519e+00  1.1831399107677846e-01  7.3218649422898247e-01
      1120  2.7999999999999514e+00  1.1822156945521226e-01  7.3953149470903659e-01
      1130  2.8249999999999509e+00  1.1812823087797142e-01  7.4695375874842004e-01
      1140  2.8499999999999504e+00  1.1803396775209395e-01  7.5445356076693103e-01
      1150  2.8749999999999498e+00  1.1793877240802780e-01  7.6203125083769624e-01
      1160  2.8999999999999493e+00  1.1784263708453023e-01  7.6968725972748337e-01
      1170  2.9249999999999488e+00  1.1774555391332368e-01  7.7742210387024998e-01
      1180  2.9499999999999482e+00  1.1764751490350041e-01  7.8523639025987404e-01
      1190  2.9749999999999477e+00  1.1754851192566714e-01  7.9313082124756920e-01
      1200  2.9999999999999472e+00  1.1744853669581470e-01  8.0110619922853462e-01
      1210  3.0249999999999466e+00  1.1734758075889707e-01  8.0916343120085156e-01
      1220  3.0499999999999461e+00  1.1724563547210169e-01  8.1730353317736429e-01
      1230  3.0749999999999456e+00  1.1714269198779255e-01  8.2552763442813063e-01
      1240  3.0999999999999450e+00  1.1703874123611054e-01  8.3383698152685860e-01
      1250  3.1249999999999445e+00  1.1693377390721597e-01  8.4223294216937504e-01
      1260  3.1499999999999440e+00  1.1682778043316639e-01  8.5071700872547944e-01
      1270  3.1749999999999434e+00  1.1672075096942885e-01  8.5929080147735707e-01
      1280  3.1999999999999429e+00  1.1661267537603658e-01  8.6795607148795362e-01
      1290  3.2249999999999424e+00  1.1650354319841444e-01  8.7671470303133497e-01
      1300  3.2499999999999418e+00  1.1639334364791283e-01  8.8556871550405144e-01
      1310  3.2749999999999413e+00  1.1628206558211215e-01  8.9452026472212691e-01
      1320  3.2999999999999408e+00  1.1616969748498174e-01  9.0357164349277914e-01
      1330  3.3249999999999402e+00  1.1605622744700660e-01  9.1272528133395229e-01
      1340  3.3499999999999397e+00  1.1594164314542724e-01  9.2198374319900122e-01
      1350  3.3749999999999392e+00  1.1582593182477004e-01  9.3134972704953717e-01
      1360  3.3999999999999386e+00  1.1570908027788792e-01  9.4082606010801392e-01
      1370  3.4249999999999381e+00  1.1559107482776711e-01  9.5041569361481011e-01
      1380  3.4499999999999376e+00  1.1547190131039958e-01  9.6012169591440897e-01
      1390  3.4749999999999370e+00  1.1535154505905945e-01  9.6994724370391874e-01
      1400  3.4999999999999365e+00  1.1522999089036203e-01  9.7989561129672339e-01
      1410  3.5249999999999360e+00  1.1510722309251590e-01  9.8997015778631067e-01
      1420  3.5499999999999354e+00  1.1498322541620669e-01  1.0001743120415393e+00
      1430  3.5749999999999349e+00  1.1485798106856892e-01  1.0105115555251030e+00
      1440  3.5999999999999344e+00  1.1473147271070784e-01  1.0209854030008903e+00
      1450  3.6249999999999338e+00  1.1460368245922316e-01  1.0315993812810545e+00
      1460  3.6499999999999333e+00  1.1447459189216676e-01  1.0423570062561849e+00
      1470  3.6749999999999328e+00  1.1434418205982230e-01  1.0532617585467390e+00
      1480  3.6999999999999322e+00  1.1421243350063989e-01  1.0643170582045225e+00
      1490  3.7249999999999317e+00  1.1407932626258707e-01  1.0755262389722525e+00
      1500  3.7499999999999312e+00  1.1394483993009584e-01  1.0868925226697788e+00
      1510  3.7749999999999306e+00  1.1380895365669017e-01  1.0984189943103766e+00
      1520  3.7999999999999301e+00  1.1367164620328856e-01  1.1101085785539459e+00
      1530  3.8249999999999296e+00  1.1353289598208104e-01  1.1219640180718758e+00
      1540  3.8499999999999290e+00  1.1339268110580124e-01  1.1339878543290291e+00
      1550  3.8749999999999285e+00  1.1325097944214582e-01  1.1461824111825835e+00
      1560  3.8999999999999280e+00  1.1310776867305219e-01  1.1585497815589205e+00
      1570  3.9249999999999274e+00  1.1296302635852560e-01  1.1710918173045203e+00
      1580  3.9499999999999269e+00  1.1281673000472160e-01  1.1838101221235040e+00
      1590  3.9749999999999264e+00  1.1266885713603167e-01  1.1967060473234509e+00
      1600  3.9999999999999258e+00  1.1251938537099070e-01  1.2097806899041230e+00
      1610  4.0249999999999293e+00  1.1236829250192385e-01  1.2230348923530056e+00
      1620  4.0499999999999332e+00  1.1221555657835817e-01  1.2364692433688468e+00
      1630  4.0749999999999371e+00  1.1206115599434345e-01  1.2500840786301728e+00
      1640  4.0999999999999410e+00  1.1190506957993166e-01  1.2638794806680027e+00
      1650  4.1249999999999449e+00  1.1174727669714292e-01  1.2778552768954145e+00
      1660  4.1499999999999488e+00  1.1158775734077692e-01  1.2920110348917723e+00
      1670  4.1749999999999527e+00  1.1142649224438923e-01  1.3063460541323846e+00
      1680  4.1999999999999567e+00  1.1126346299161813e-01  1.3208593534868184e+00
      1690  4.2249999999999606e+00  1.1109865213279866e-01  1.3355496539686118e+00
      1700  4.2499999999999645e+00  1.1093204330641050e-01  1.3504153563894547e+00
      1710  4.2749999999999684e+00  1.1076362136436436e-01  1.3654545137321393e+00
      1720  4.2999999999999723e+00  1.1059337249941674e-01  1.3806647981864504e+00
      1730  4.3249999999999762e+00  1.1042128437213010e-01  1.3960434628702511e+00
      1740  4.3499999999999801e+00  1.1024734623376944e-01  1.4115872982724244e+00
      1750  4.3749999999999840e+00  1.1007154904039135e-01  1.4272925834093662e+00
      1760  4.3999999999999879e+00  1.0989388555219801e-01  1.4431550316073902e+00
      1770  4.4249999999999918e+00  1.0971435041108778e-01  1.4591697307539259e+00
      1780  4.4499999999999957e+00  1.0953294018836094e-01  1.4753310778539106e+00
      1790  4.4749999999999996e+00  1.0934965339389125e-01  1.4916327078242787e+00
      1800  4.5000000000000036e+00  1.0916449043795288e-01  1.5080674166555336e+00
      1810  4.5250000000000075e+00  1.0897745353753498e-01  1.5246270793016790e+00
      1820  4.5500000000000114e+00  1.0878854656064861e-01  1.5413025628440310e+00
      1830  4.5750000000000153e+00  1.0859777480512092e-01  1.5580836356238274e+00
      1840  4.6000000000000192e+00  1.0840514471290049e-01  1.5749588733957829e+00
      1850  4.6250000000000231e+00  1.0821066352707284e-01  1.5919155645654281e+00
      1860  4.6500000000000270e+00  1.0801433890648019e-01  1.6089396185705703e+00
      1870  4.6750000000000309e+00  1.0781617852162918e-01  1.6260154842288795e+00
      1880  4.7000000000000348e+00  1.0761618966467472e-01  1.6431260875108191e+00
      1890  4.7250000000000387e+00  1.0741437891445885e-01  1.6602527996853775e+00
      1900  4.7500000000000426e+00  1.0721075190313189e-01  1.6773754467601042e+00
      1910  4.7750000000000465e+00  1.0700531323160602e-01  1.6944723700890594e+00
      1920  4.8000000000000504e+00  1.0679806657476643e-01  1.7115205465302793e+00
      1930  4.8250000000000544e+00  1.0658901500253233e-01  1.7284957742755115e+00
      1940  4.8500000000000583e+00  1.0637816151982123e-01  1.7453729262246692e+00
      1950  4.8750000000000622e+00  1.0616550979989921e-01  1.7621262656544057e+00
      1960  4.9000000000000661e+00  1.0595106505637473e-01  1.7787298097807650e+00
      1970  4.9250000000000700e+00  1.0573483497518521e-01  1.7951577183512862e+00
      1980  4.9500000000000739e+00  1.0551683061467941e-01  1.8113846798123685e+00
      1990  4.9750000000000778e+00  1.0529706718246479e-01  1.8273862686933813e+00
      2000  5.0000000000000817e+00  1.0507556461203711e-01  1.8431392540856739e+00
      2010  5.0250000000000856e+00  1.0485234788726114e-01  1.8586218480458448e+00
      2020  5.0500000000000895e+00  1.0462744709338851e-01  1.8738138915252111e+00
      2030  5.0750000000000934e+00  1.0440089720382020e-01  1.8886969820040106e+00
      2040  5.1000000000000973e+00  1.0417273763746532e-01  1.9032545507723188e+00
      2050  5.1250000000001013e+00  1.0394301163931382e-01  1.9174718992012092e+00
      2060  5.1500000000001052e+00  1.0371176554572147e-01  1.9313362032243253e+00
      2070  5.1750000000001091e+00  1.0347904799655467e-01  1.9448364943188210e+00
      2080  5.2000000000001130e+00  1.0324490915047882e-01  1.9579636239816889e+00
      2090  5.2250000000001169e+00  1.0300939994946876e-01  1.9707102172869331e+00
      2100  5.2500000000001208e+00  1.0277257146621474e-01  1.9830706197237247e+00
      2110  5.2750000000001247e+00  1.0253447435532805e-01  1.9950408402509951e+00
      2120  5.3000000000001286e+00  1.0229515841747805e-01  2.0066184924227420e+00
      2130  5.3250000000001325e+00  1.0205467227571196e-01  2.0178027345713719e+00
      2140  5.3500000000001364e+00  1.0181306315565913e-01  2.0285942093784043e+00
      2150  5.3750000000001403e+00  1.0157037675617660e-01  2.0389949826742190e+00
      2160  5.4000000000001442e+00  1.0132665719408392e-01  2.0490084809356048e+00
      2170  5.4250000000001481e+00  1.0108194700560975e-01  2.0586394266449487e+00
      2180  5.4500000000001521e+00  1.0083628718764238e-01  2.0678937704211776e+00
      2190  5.4750000000001560e+00  1.0058971726341452e-01  2.0767786186458700e+00
      2200  5.5000000000001599e+00  1.0034227535949701e-01  2.0853021552230695e+00
      2210  5.5250000000001638e+00  1.0009399828359531e-01  2.0934735561617764e+00
      2220  5.5500000000001677e+00  9.9844921595378955e-02  2.1013028958732416e+00
      2230  5.5750000000001716e+00  9.9595079665223721e-02  2.1088010444269969e+00
      2240  5.6000000000001755e+00  9.9344505718155213e-02  2.1159795554865952e+00
      2250  5.6250000000001794e+00  9.9093231862353969e-02  2.1228505452113830e+00
      2260  5.6500000000001833e+00  9.8841289103252281e-02  2.1294265630197389e+00
      2270  5.6750000000001872e+00  9.8588707345504096e-02  2.1357204557155439e+00
      2280  5.7000000000001911e+00  9.8335515385949722e-02  2.1417452270388925e+00
      2290  5.7250000000001950e+00  9.8081740901157883e-02  2.1475138951756899e+00
      2300  5.7500000000001990e+00  9.7827410433264585e-02  2.1530393511184285e+00
      2310  5.7750000000002029e+00  9.7572549377687782e-02  2.1583342209910730e+00
      2320  5.8000000000002068e+00  9.7317181975955832e-02  2.1634107355232088e+00
      2330  5.8250000000002107e+00  9.7061331316387183e-02  2.1682806097798805e+00
      2340  5.8500000000002146e+00  9.6805019344766164e-02  2.1729549360291075e+00
      2350  5.8750000000002185e+00  9.6548266886508503e-02  2.1774440922704075e+00
      2360  5.9000000000002224e+00  9.6291093681144375e-02  2.1817576684713335e+00
      2370  5.9250000000002263e+00  9.6033518429286193e-02  2.1859044119858268e+00
      2380  5.9500000000002302e+00  9.5775558851619006e-02  2.1898921929825952e+00
      2390  5.9750000000002341e+00  9.5517231758861773e-02  2.1937279900219932e+00
      2400  6.0000000000002380e+00  9.5258553131118896e-02  2.1974178952177446e+00
      2410  6.0250000000002419e+00  9.4999538204577493e-02  2.2009671377401927e+00
      2420  6.0500000000002458e+00  9.4740201563134040e-02  2.2043801237973247e+00
      2430  6.0750000000002498e+00  9.4480557232271292e-02  2.2076604907052951e+00
      2440  6.1000000000002537e+00  9.4220618772379436e-02  2.2108111722654684e+00
      2450  6.1250000000002576e+00  9.3960399368754928e-02  2.2138344724288534e+00
      2460  6.1500000000002615e+00  9.3699911915731596e-02  2.2167321441720155e+00
      2470  6.1750000000002654e+00  9.3439169092812177e-02  2.2195054706420460e+00
      2480  6.2000000000002693e+00  9.3178183431247360e-02  2.2221553459496603e+00
      2490  6.2250000000002732e+00  9.2916967370191754e-02  2.2246823534786336e+00
      2500  6.2500000000002771e+00  9.2655533302250038e-02  2.2270868401907179e+00
      2510  6.2750000000002810e+00  9.2393893608759396e-02  2.2293689860595284e+00
      2520  6.3000000000002849e+00  9.2132060685390495e-02  2.2315288683545716e+00
      2530  6.3250000000002888e+00  9.1870046958466182e-02  2.2335665208931579e+00
      2540  6.3500000000002927e+00  9.1607864891780950e-02  2.2354819884839429e+00
      2550  6.3750000000002967e+00  9.1345526982776564e-02  2.2372753765776162e+00
      2560  6.4000000000003006e+00  9.1083045745962565e-02  2.2389468957060460e+00
      2570  6.4250000000003045e+00  9.0820433680817095e-02  2.2404968998210825e+00
      2580  6.4500000000003084e+00  9.0557703221388514e-02  2.2419259173628192e+00
      2590  6.4750000000003123e+00  9.0294866665607866e-02  2.2432346739544961e+00
      2600  6.5000000000003162e+00  9.0031936083850229e-02  2.2444241060572355e+00
      2610  6.5250000000003201e+00  8.9768923208260170e-02  2.2454953655949135e+00
      2620  6.5500000000003240e+00  8.9505839306363634e-02  2.2464498162688852e+00
      2630  6.5750000000003279e+00  8.9242695044118209e-02  2.2472890228315864e+00
      2640  6.6000000000003318e+00  8.8979500344520724e-02  2.2480147348745097e+00
      2650  6.6250000000003357e+00  8.8716264248090057e-02  2.2486288667138515e+00
      2660  6.6500000000003396e+00  8.8452994781034237e-02  2.2491334748037331e+00
      2670  6.6750000000003435e+00  8.8189698835866064e-02  2.2495307338698284e+00
      2680  6.7000000000003475e+00  8.7926382067855982e-02  2.2498229127105008e+00
      2690  6.7250000000003514e+00  8.7663048809202063e-02  2.2500123503938090e+00
      2700  6.7500000000003553e+00  8.7399702001311696e-02  2.2501014333896833e+00
      2710  6.7750000000003592e+00  8.7136343144239612e-02  2.2500925740044419e+00
      2720  6.8000000000003631e+00  8.6872972261194370e-02  2.2499881903188315e+00
      2730  6.8250000000003670e+00  8.6609587875166705e-02  2.2497906876716259e+00
      2740  6.8500000000003709e+00  8.6346186994196611e-02  2.2495024415916414e+00
      2750  6.8750000000003748e+00  8.6082765101607560e-02  2.2491257819816649e+00
      2760  6.9000000000003787e+00  8.5819316147715494e-02  2.2486629783171070e+00
      2770  6.9250000000003826e+00  8.5555832540058297e-02  2.2481162256513911e+00
      2780  6.9500000000003865e+00  8.5292305130053136e-02  2.2474876313196676e+00
      2790  6.9750000000003904e+00  8.5028723195123184e-02  2.2467792023927913e+00
      2800  7.0000000000003944e+00  8.4765074416657039e-02  2.2459928341380262e+00
      2810  7.0250000000003983e+00  8.4501344855583359e-02  2.2451302999720604e+00
      2820  7.0500000000004022e+00  8.4237518928759933e-02  2.2441932436263876e+00
      2830  7.0750000000004061e+00  8.3973579390686966e-02  2.2431831744673124e+00
      2840  7.1000000000004100e+00  8.3709507326171617e-02  2.2421014671067114e+00
      2850  7.1250000000004139e+00  8.3445282160409608e-02  2.2409493665890745e+00
      2860  7.1500000000004178e+00  8.3180881693447940e-02  2.2397280005277800e+00
      2870  7.1750000000004217e+00  8.2916282166107090e-02  2.2384383995696050e+00
      2880  7.2000000000004256e+00  8.2651458364141792e-02  2.2370815274710010e+00
      2890  7.2250000000004295e+00  8.2386383766713849e-02  2.2356583218547309e+00
      2900  7.2500000000004334e+00  8.2121030744146842e-02  2.2341697463691041e+00
      2910  7.2750000000004373e+00  8.1855370808484719e-02  2.2326168544929052e+00
      2920  7.3000000000004412e+00  8.1589374918631660e-02  2.2310008646294562e+00
      2930  7.3250000000004452e+00  8.1323013839890213e-02  2.2293232454409862e+00
      2940  7.3500000000004491e+00  8.1056258555615660e-02  2.2275858096318177e+00
      2950  7.3750000000004530e+00  8.0789080726554104e-02  2.2257908136489878e+00
      2960  7.4000000000004569e+00  8.0521453191315273e-02  2.2239410600897818e+00
      2970  7.4250000000004608e+00  8.0253350499432498e-02  2.2220399990432291e+00
      2980  7.4500000000004647e+00  7.9984749466659767e-02  2.2200918241939306e+00
      2990  7.4750000000004686e+00  7.9715629740630920e-02  2.2181015593150233e+00
      3000  7.5000000000004725e+00  7.9445974363836337e-02  2.2160751307901690e+00
      3010  7.5250000000004764e+00  7.9175770320142426e-02  2.2140194220349920e+00
      3020  7.5500000000004803e+00  7.8905009050880629e-02  2.2119423061278950e+00
      3030  7.5750000000004842e+00  7.8633686926952105e-02  2.2098526535934689e+00
      3040  7.6000000000004881e+00  7.8361805664519200e-02  2.2077603130915948e+00
      3050  7.6250000000004921e+00  7.8089372673747956e-02  2.2056760637368488e+00
      3060  7.6500000000004960e+00  7.7816401332742409e-02  2.2036115388975225e+00
      3070  7.6750000000004999e+00  7.7542911182213571e-02  2.2015791226048984e+00
      3080  7.7000000000005038e+00  7.7268928040375523e-02  2.1995918211625020e+00
      3090  7.7250000000005077e+00  7.6994484041709046e-02  2.1976631142239078e+00
      3100  7.7500000000005116e+00  7.6719617606993252e-02  2.1958067915618934e+00
      3110  7.7750000000005155e+00  7.6444373354489367e-02  2.1940367840216289e+00
      3120  7.8000000000005194e+00  7.6168801962124252e-02  2.1923669996998119e+00
      3130  7.8250000000005233e+00  7.5892959986375894e-02  2.1908111790104459e+00
      3140  7.8500000000005272e+00  7.5616909633502160e-02  2.1893827844855520e+00
      3150  7.8750000000005311e+00  7.5340718461078216e-02  2.1880949420260629e+00
      3160  7.9000000000005350e+00  7.5064458961489052e-02  2.1869604485757087e+00
      3170  7.9250000000005389e+00  7.4788207944533745e-02  2.1859918553091779e+00
      3180  7.9500000000005429e+00  7.4512045596562581e-02  2.1852016240263978e+00
      3190  7.9750000000005468e+00  7.4236054054823469e-02  2.1846023369270008e+00
      3200  8.0000000000005507e+00  7.3960315307843647e-02  2.1842069172359410e+00
      3210  8.0250000000005457e+00  7.3684908228670894e-02  2.1840287933712061e+00
      3220  8.0500000000005407e+00  7.3409904581727179e-02  2.1840819179615161e+00
      3230  8.0750000000005357e+00  7.3135363927741897e-02  2.1843805422853122e+00
      3240  8.1000000000005308e+00  7.2861327490039122e-02  2.1849386541224505e+00
      3250  8.1250000000005258e+00  7.2587811233774574e-02  2.1857690181169143e+00
      3260  8.1500000000005208e+00  7.2314798628187316e-02  2.1868818137144611e+00
      3270  8.1750000000005159e+00  7.2042233777329835e-02  2.1882829416756400e+00
      3280  8.2000000000005109e+00  7.1770015773716063e-02  2.1899721547918754e+00
      3290  8.2250000000005059e+00  7.1497995205829668e-02  2.1919412453477808e+00
      3300  8.2500000000005009e+00  7.1225973695691079e-02  2.1941725721527125e+00
      3310  8.2750000000004960e+00  7.0953707135728728e-02  2.1966382156640329e+00
      3320  8.3000000000004910e+00  7.0680912940644834e-02  2.1992999981086014e+00
      3330  8.3250000000004860e+00  7.0407281166687551e-02  2.2021104940029462e+00
      3340  8.3500000000004810e+00  7.0132488844447845e-02  2.2050149975674025e+00
      3350  8.3750000000004761e+00  6.9856216409349040e-02  2.2079542371625743e+00
      3360  8.4000000000004711e+00  6.9578164787239433e-02  2.2108674766088652e+00
      3370  8.4250000000004661e+00  6.9298071572740351e-02  2.2136955641290345e+00
      3380  8.4500000000004611e+00  6.9015724856331306e-02  2.2163835105941528e+00
      3390  8.4750000000004562e+00  6.8730973590537768e-02  2.2188822977258837e+00
      3400  8.5000000000004512e+00  6.8443733864436257e-02  2.2211497983040499e+00
      3410  8.5250000000004462e+00  6.8153990977988839e-02  2.2231508781503671e+00
      3420  8.5500000000004412e+00  6.7861797672582528e-02  2.2248568900022991e+00
      3430  8.5750000000004363e+00  6.7567269208220481e-02  2.2262448315943016e+00
      3440  8.6000000000004313e+00  6.7270576150250869e-02  2.2272964244786843e+00
      3450  8.6250000000004263e+00  6.6971935749963837e-02  2.2279973007813245e+00
      3460  8.6500000000004214e+00  6.6671602712556371e-02  2.2283363959220411e+00
      3470  8.6750000000004164e+00  6.6369859991763492e-02  2.2283055650484950e+00
      3480  8.7000000000004114e+00  6.6067010076933827e-02  2.2278993856668298e+00
      3490  8.7250000000004064e+00  6.5763367076412489e-02  2.2271150820845170e+00
      3500  8.7500000000004015e+00  6.5459249767060378e-02  2.2259525036756248e+00
      3510  8.7750000000003965e+00  6.5154975678132824e-02  2.2244141000517759e+00
      3520  8.8000000000003915e+00  6.4850856205904623e-02  2.2225048537515294e+00
      3530  8.8250000000003865e+00  6.4547192707601859e-02  2.2202321492025344e+00
      3540  8.8500000000003816e+00  6.4244273493244993e-02  2.2176055724143162e+00
      3550  8.8750000000003766e+00  6.3942371616770869e-02  2.2146366481229875e+00
      3560  8.9000000000003716e+00  6.3641743359492530e-02  2.2113385297727851e+00
      3570  8.9250000000003666e+00  6.3342627297042031e-02  2.2077256626557104e+00
      3580  8.9500000000003617e+00  6.3045243843801687e-02  2.2038134416738898e+00
      3590  8.9750000000003567e+00  6.2749795175381047e-02  2.1996178830280432e+00
      3600  9.0000000000003517e+00  6.2456465439041336e-02  2.1951553248765404e+00
      3610  9.0250000000003467e+00  6.2165421173193516e-02  2.1904421670826831e+00
      3620  9.0500000000003418e+00  6.1876811869241932e-02  2.1854946555401003e+00
      3630  9.0750000000003368e+00  6.1590770621189560e-02  2.1803287125433452e+00
      3640  9.1000000000003318e+00  6.1307414819776104e-02  2.1749598112846039e+00
      3650  9.1250000000003268e+00  6.1026846857871716e-02  2.1694028900001826e+00
      3660  9.1500000000003219e+00  6.0749154821953039e-02  2.1636722999155676e+00
      3670  9.1750000000003169e+00  6.0474413150457751e-02  2.1577817811399966e+00
      3680  9.2000000000003119e+00  6.0202683243511787e-02  2.1517444619081184e+00
      3690  9.2250000000003070e+00  5.9934014009913928e-02  2.1455728787417914e+00
      3700  9.2500000000003020e+00  5.9668442336338628e-02  2.1392790178276723e+00
      3710  9.2750000000002970e+00  5.9405993460428644e-02  2.1328743805116199e+00
      3720  9.3000000000002920e+00  5.9146681223728703e-02  2.1263700770260617e+00
      3730  9.3250000000002871e+00  5.8890508172295367e-02  2.1197769505516997e+00
      3740  9.3500000000002821e+00  5.8637465462730915e-02  2.1131057265463984e+00
      3750  9.3750000000002771e+00  5.8387532520575095e-02  2.1063671685191128e+00
      3760  9.4000000000002721e+00  5.8140676389163059e-02  2.0995722007365573e+00
      3770  9.4250000000002672e+00  5.7896850705093949e-02  2.0927319325467775e+00
      3780  9.4500000000002622e+00  5.7655994248660133e-02  2.0858574938785206e+00
      3790  9.4750000000002572e+00  5.7418029052909528e-02  2.0789595782838340e+00
      3800  9.5000000000002522e+00  5.7182858121456059e-02  2.0720476044813290e+00
      3810  9.5250000000002473e+00  5.6950362905252783e-02  2.0651284652132921e+00
      3820  9.5500000000002423e+00  5.6720400813811021e-02  2.0582049395066661e+00
      3830  9.5750000000002373e+00  5.6492803163089239e-02  2.0512739877058031e+00
      3840  9.6000000000002323e+00  5.6267374052276695e-02  2.0443252889593817e+00
      3850  9.6250000000002274e+00  5.6043890670829677e-02  2.0373404588723341e+00
      3860  9.6500000000002224e+00  5.5822105431747467e-02  2.0302933413056081e+00
      3870  9.6750000000002174e+00  5.5601750103213450e-02  2.0231515741505104e+00
      3880  9.7000000000002125e+00  5.5382541806390946e-02  2.0158793144856259e+00
      3890  9.7250000000002075e+00  5.5164190438169804e-02  2.0084406699265889e+00
      3900  9.7500000000002025e+00  5.4946406853168644e-02  2.0008031547071494e+00
      3910  9.7750000000001975e+00  5.4728911064532768e-02  1.9929404832177808e+00
      3920  9.8000000000001926e+00  5.4511439807486113e-02  1.9848342514125822e+00
      3930  9.8250000000001876e+00  5.4293753000900170e-02  1.9764744366275773e+00
      3940  9.8500000000001826e+00  5.4075638854227256e-02  1.9678589891042385e+00
      3950  9.8750000000001776e+00  5.3856917527658128e-02  1.9589929396049376e+00
      3960  9.9000000000001727e+00  5.3637443340391563e-02  1.9498873737173576e+00
      3970  9.9250000000001677e+00  5.3417105565073975e-02  1.9405584249665865e+00
      3980  9.9500000000001627e+00  5.3195827893903499e-02  1.9310262685642494e+00
      3990  9.9750000000001577e+00  5.2973566739712498e-02  1.9213140536594410e+00
      4000  1.0000000000000153e+01  5.2750308629377932e-02  1.9114467854938282e+00
