         0  0.0000000000000000e+00  1.2500000000000000e-01  3.7500000000000000e-01
        10  2.4999999999999998e-02  1.2497656418871762e-01  3.7495409710468486e-01
        20  5.0000000000000010e-02  1.2495312972175318e-01  3.7495697846297179e-01
        30  7.5000000000000025e-02  1.2492969355232901e-01  3.7500861237803732e-01
        40  1.0000000000000005e-01  1.2490625263795902e-01  3.7510899469572500e-01
        50  1.2500000000000006e-01  1.2488280394228075e-01  3.7525814867473008e-01
        60  1.5000000000000008e-01  1.2485934443814893e-01  3.7545612485827183e-01
        70  1.7500000000000010e-01  1.2483587111182616e-01  3.7570300094459199e-01
        80  2.0000000000000012e-01  1.2481238096807693e-01  3.7599888165313563e-01
        90  2.2500000000000014e-01  1.2478887103594140e-01  3.7634389858288335e-01
       100  2.5000000000000017e-01  1.2476533837494404e-01  3.7673821005905844e-01
       110  2.7500000000000019e-01  1.2474178008147911e-01  3.7718200096432628e-01
       120  3.0000000000000021e-01  1.2471819329510510e-01  3.7767548255062671e-01
       130  3.2500000000000023e-01  1.2469457520448399e-01  3.7821889222796381e-01
       140  3.5000000000000026e-01  1.2467092305270608e-01  3.7881249332676413e-01
       150  3.7500000000000028e-01  1.2464723414175886e-01  3.7945657483084459e-01
       160  4.0000000000000030e-01  1.2462350583591502e-01  3.8015145107853062e-01
       170  4.2500000000000032e-01  1.2459973556384715e-01  3.8089746143008183e-01
       180  4.5000000000000034e-01  1.2457592081930241e-01  3.8169496990021884e-01
       190  4.7500000000000037e-01  1.2455205916020826e-01  3.8254436475524620e-01
       200  5.0000000000000033e-01  1.2452814820611558e-01  3.8344605807496403e-01
       210  5.2499999999999980e-01  1.2450418563392695e-01  3.8440048528026642e-01
       220  5.4999999999999927e-01  1.2448016917189400e-01  3.8540810462798297e-01
       230  5.7499999999999873e-01  1.2445609659190871e-01  3.8646939667515129e-01
       240  5.9999999999999820e-01  1.2443196570014937e-01  3.8758486371546404e-01
       250  6.2499999999999767e-01  1.2440777432617661e-01  3.8875502919112166e-01
       260  6.4999999999999714e-01  1.2438352031060831e-01  3.8998043708372849e-01
       270  6.7499999999999660e-01  1.2435920149152769e-01  3.9126165128817335e-01
       280  6.9999999999999607e-01  1.2433481568980612e-01  3.9259925497366236e-01
       290  7.2499999999999554e-01  1.2431036069353759e-01  3.9399384993617519e-01
       300  7.4999999999999500e-01  1.2428583424180169e-01  3.9544605594665869e-01
       310  7.7499999999999447e-01  1.2426123400797682e-01  3.9695651009918251e-01
       320  7.9999999999999394e-01  1.2423655758283620e-01  3.9852586616314494e-01
       330  8.2499999999999341e-01  1.2421180245765497e-01  4.0015479394336470e-01
       340  8.4999999999999287e-01  1.2418696600755736e-01  4.0184397865159877e-01
       350  8.7499999999999234e-01  1.2416204547532354e-01  4.0359412029265169e-01
       360  8.9999999999999181e-01  1.2413703795586513e-01  4.0540593306782078e-01
       370  9.2499999999999127e-01  1.2411194038156380e-01  4.0728014479795511e-01
       380  9.4999999999999074e-01  1.2408674950865239e-01  4.0921749636791719e-01
       390  9.7499999999999021e-01  1.2406146190479469e-01  4.1121874119370649e-01
       400  9.9999999999998967e-01  1.2403607393800503e-01  4.1328464471299210e-01
       410  1.0249999999999893e+00  1.2401058176702016e-01  4.1541598389925302e-01
       420  1.0499999999999887e+00  1.2398498133321926e-01  4.1761354679921990e-01
       430  1.0749999999999882e+00  1.2395926835415964e-01  4.1987813209278894e-01
       440  1.0999999999999877e+00  1.2393343831877517e-01  4.2221054867410262e-01
       450  1.1249999999999871e+00  1.2390748648426285e-01  4.2461161525203922e-01
       460  1.1499999999999866e+00  1.2388140787465808e-01  4.2708215996792360e-01
       470  1.1749999999999861e+00  1.2385519728108190e-01  4.2962302002790181e-01
       480  1.1999999999999855e+00  1.2382884926362172e-01  4.3223504134708107e-01
       490  1.2249999999999850e+00  1.2380235815479279e-01  4.3491907820225420e-01
       500  1.2499999999999845e+00  1.2377571806450820e-01  4.3767599288978172e-01
       510  1.2749999999999839e+00  1.2374892288647560e-01  4.4050665538502975e-01
       520  1.2999999999999834e+00  1.2372196630592299e-01  4.4341194299961567e-01
       530  1.3249999999999829e+00  1.2369484180855036e-01  4.4639274003264732e-01
       540  1.3499999999999823e+00  1.2366754269059356e-01  4.4944993741210690e-01
       550  1.3749999999999818e+00  1.2364006206988119e-01  4.5258443232255980e-01
       560  1.3999999999999813e+00  1.2361239289776358e-01  4.5579712781545710e-01
       570  1.4249999999999807e+00  1.2358452797178920e-01  4.5908893239842887e-01
       580  1.4499999999999802e+00  1.2355645994900310e-01  4.6246075960015521e-01
       590  1.4749999999999797e+00  1.2352818135974577e-01  4.6591352750764544e-01
       600  1.4999999999999791e+00  1.2349968462182918e-01  4.6944815827304086e-01
       610  1.5249999999999786e+00  1.2347096205497579e-01  4.7306557758741101e-01
       620  1.5499999999999781e+00  1.2344200589540571e-01  4.7676671411939411e-01
       630  1.5749999999999775e+00  1.2341280831046649e-01  4.8055249891699308e-01
       640  1.5999999999999770e+00  1.2338336141320511e-01  4.8442386477132752e-01
       650  1.6249999999999765e+00  1.2335365727678748e-01  4.8838174554169506e-01
       660  1.6499999999999759e+00  1.2332368794867925e-01  4.9242707544190082e-01
       670  1.6749999999999754e+00  1.2329344546450897e-01  4.9656078828847004e-01
       680  1.6999999999999749e+00  1.2326292186154020e-01  5.0078381671206822e-01
       690  1.7249999999999743e+00  1.2323210919168795e-01  5.0509709133421820e-01
       700  1.7499999999999738e+00  1.2320099953402178e-01  5.0950153991223033e-01
       710  1.7749999999999733e+00  1.2316958500670299e-01  5.1399808645612650e-01
       720  1.7999999999999727e+00  1.2313785777831163e-01  5.1858765032227999e-01
       730  1.8249999999999722e+00  1.2310581007852361e-01  5.2327114528946483e-01
       740  1.8499999999999717e+00  1.2307343420810336e-01  5.2804947862404410e-01
       750  1.8749999999999711e+00  1.2304072254818433e-01  5.3292355014210688e-01
       760  1.8999999999999706e+00  1.2300766756881072e-01  5.3789425127747375e-01
       770  1.9249999999999701e+00  1.2297426183672093e-01  5.4296246416565047e-01
       780  1.9499999999999695e+00  1.2294049802235513e-01  5.4812906075498593e-01
       790  1.9749999999999690e+00  1.2290636890607159e-01  5.5339490195747747e-01
       800  1.9999999999999685e+00  1.2287186738356112e-01  5.5876083685286997e-01
       810  2.0249999999999679e+00  1.2283698647044922e-01  5.6422770196087242e-01
       820  2.0499999999999674e+00  1.2280171930607849e-01  5.6979632059747458e-01
       830  2.0749999999999669e+00  1.2276605915646666e-01  5.7546750233246236e-01
       840  2.0999999999999663e+00  1.2272999941643482e-01  5.8124204256626935e-01
       850  2.1249999999999658e+00  1.2269353361090514e-01  5.8712072224528055e-01
       860  2.1499999999999653e+00  1.2265665539536709e-01  5.9310430773556393e-01
       870  2.1749999999999647e+00  1.2261935855551331e-01  5.9919355087575392e-01
       880  2.1999999999999642e+00  1.2258163700604991e-01  6.0538918923042787e-01
       890  2.2249999999999637e+00  1.2254348478868530e-01  6.1169194656577079e-01
       900  2.2499999999999631e+00  1.2250489606930671e-01  6.1810253356963111e-01
       910  2.2749999999999626e+00  1.2246586513435467e-01  6.2462164883819823e-01
       920  2.2999999999999621e+00  1.2242638638640885e-01  6.3124998015148805e-01
       930  2.3249999999999615e+00  1.2238645433900153e-01  6.3798820605961272e-01
       940  2.3499999999999610e+00  1.2234606361067813e-01  6.4483699780142829e-01
       950  2.3749999999999605e+00  1.2230520891832678e-01  6.5179702157662256e-01
       960  2.3999999999999599e+00  1.2226388506980340e-01  6.5886894119163920e-01
       970  2.4249999999999594e+00  1.2222208695587904e-01  6.6605342109904716e-01
       980  2.4499999999999589e+00  1.2217980954154163e-01  6.7335112984909797e-01
       990  2.4749999999999583e+00  1.2213704785668468e-01  6.8076274397128862e-01
      1000  2.4999999999999578e+00  1.2209379698621843e-01  6.8828895230279307e-01
      1010  2.5249999999999573e+00  1.2205005205963836e-01  6.9593046077968838e-01
      1020  2.5499999999999567e+00  1.2200580824008938e-01  7.0368799770601235e-01
      1030  2.5749999999999562e+00  1.2196106071296108e-01  7.1156231951487517e-01
      1040  2.5999999999999557e+00  1.2191580467404844e-01  7.1955421703515002e-01
      1050  2.6249999999999551e+00  1.2187003531731243e-01  7.2766452227672891e-01
      1060  2.6499999999999546e+00  1.2182374782226871e-01  7.3589411574694101e-01
      1070  2.6749999999999541e+00  1.2177693734103064e-01  7.4424393431056317e-01
      1080  2.6999999999999535e+00  1.2172959898502577e-01  7.5271497960587291e-01
      1090  2.7249999999999530e+00  1.2168172781140036e-01  7.6130832702946080e-01
      1100  2.7499999999999525e+00  1.2163331880911734e-01  7.7002513530298315e-01
      1110  2.7749999999999519e+00  1.2158436688474513e-01  7.7886665663573177e-01
      1120  2.7999999999999514e+00  1.2153486684792685e-01  7.8783424749778123e-01
      1130  2.8249999999999509e+00  1.2148481339650700e-01  7.9692938001949989e-01
      1140  2.8499999999999504e+00  1.2143420110128425e-01  8.0615365403434527e-01
      1150  2.8749999999999498e+00  1.2138302439034608e-01  8.1550880978299514e-01
      1160  2.8999999999999493e+00  1.2133127753293036e-01  8.2499674129789523e-01
      1170  2.9249999999999488e+00  1.2127895462274728e-01  8.3461951048805103e-01
      1180  2.9499999999999482e+00  1.2122604956068297e-01  8.4437936194415841e-01
      1190  2.9749999999999477e+00  1.2117255603679507e-01  8.5427873848365219e-01
      1200  2.9999999999999472e+00  1.2111846751149963e-01  8.6432029745359937e-01
      1210  3.0249999999999466e+00  1.2106377719584042e-01  8.7450692780611209e-01
      1220  3.0499999999999461e+00  1.2100847803072185e-01  8.8484176795549312e-01
      1230  3.0749999999999456e+00  1.2095256266498105e-01  8.9532822441796042e-01
      1240  3.0999999999999450e+00  1.2089602343217100e-01  9.0596999122262771e-01
      1250  3.1249999999999445e+00  1.2083885232592622e-01  9.1677107006539773e-01
      1260  3.1499999999999440e+00  1.2078104097378526e-01  9.2773579115430783e-01
      1270  3.1749999999999434e+00  1.2072258060935288e-01  9.3886883466423244e-01
      1280  3.1999999999999429e+00  1.2066346204269811e-01  9.5017525267909681e-01
      1290  3.2249999999999424e+00  1.2060367562890824e-01  9.6166049144915784e-01
      1300  3.2499999999999418e+00  1.2054321123474481e-01  9.7333041372764858e-01
      1310  3.2749999999999413e+00  1.2048205820339126e-01  9.8519132087347765e-01
      1320  3.2999999999999408e+00  1.2042020531733215e-01  9.9724997431324811e-01
      1330  3.3249999999999402e+00  1.2035764075946696e-01  1.0095136158457540e+00
      1340  3.3499999999999397e+00  1.2029435207264347e-01  1.0219899861455314e+00
      1350  3.3749999999999392e+00  1.2023032611788878e-01  1.0346873406806860e+00
      1360  3.3999999999999386e+00  1.2016554903172811e-01  1.0476144621082083e+00
      1370  3.4249999999999381e+00  1.2010000618311102e-01  1.0607806680544458e+00
      1380  3.4499999999999376e+00  1.2003368213060651e-01  1.0741958130403874e+00
      1390  3.4749999999999370e+00  1.1996656058068763e-01  1.0878702831863787e+00
      1400  3.4999999999999365e+00  1.1989862434809167e-01  1.1018149822486644e+00
      1410  3.5249999999999360e+00  1.1982985531941143e-01  1.1160413075240049e+00
      1420  3.5499999999999354e+00  1.1976023442123649e-01  1.1305611142329482e+00
      1430  3.5749999999999349e+00  1.1968974159431035e-01  1.1453866671790285e+00
      1440  3.5999999999999344e+00  1.1961835577528648e-01  1.1605305787950473e+00
      1450  3.6249999999999338e+00  1.1954605488774228e-01  1.1760057331317346e+00
      1460  3.6499999999999333e+00  1.1947281584412784e-01  1.1918251959063358e+00
      1470  3.6749999999999328e+00  1.1939861456028114e-01  1.2080021113802639e+00
      1480  3.6999999999999322e+00  1.1932342598402026e-01  1.2245495875321466e+00
      1490  3.7249999999999317e+00  1.1924722413912726e-01  1.2414805716820075e+00
      1500  3.7499999999999312e+00  1.1916998218577901e-01  1.2588077193486242e+00
      1510  3.7749999999999306e+00  1.1909167249815660e-01  1.2765432596353645e+00
      1520  3.7999999999999301e+00  1.1901226675961645e-01  1.2946988607993217e+00
      1530  3.8249999999999296e+00  1.1893173607543853e-01  1.3132854998338824e+00
      1540  3.8499999999999290e+00  1.1885005110282932e-01  1.3323133398691443e+00
      1550  3.8749999999999285e+00  1.1876718219756535e-01  1.3517916189683513e+00
      1560  3.8999999999999280e+00  1.1868309957645595e-01  1.3717285534855831e+00
      1570  3.9249999999999274e+00  1.1859777349470088e-01  1.3921312585620190e+00
      1580  3.9499999999999269e+00  1.1851117443723413e-01  1.4130056875772919e+00
      1590  3.9749999999999264e+00  1.1842327332328421e-01  1.4343565914394752e+00
      1600  3.9999999999999258e+00  1.1833404172363300e-01  1.4561874974818059e+00
      1610  4.0249999999999293e+00  1.1824345209039510e-01  1.4785007063834230e+00
      1620  4.0499999999999332e+00  1.1815147799951993e-01  1.5012973039292445e+00
      1630  4.0749999999999371e+00  1.1805809440656412e-01  1.5245771828720177e+00
      1640  4.0999999999999410e+00  1.1796327791644880e-01  1.5483390693850601e+00
      1650  4.1249999999999449e+00  1.1786700706767614e-01  1.5725805490757352e+00
      1660  4.1499999999999488e+00  1.1776926263057853e-01  1.5972980884260200e+00
      1670  4.1749999999999527e+00  1.1767002791741624e-01  1.6224870469872052e+00
      1680  4.1999999999999567e+00  1.1756928909940320e-01  1.6481416732213252e+00
      1690  4.2249999999999606e+00  1.1746703552188412e-01  1.6742550751567470e+00
      1700  4.2499999999999645e+00  1.1736326000368335e-01  1.7008191593129134e+00
      1710  4.2749999999999684e+00  1.1725795910001745e-01  1.7278245373714011e+00
      1720  4.2999999999999723e+00  1.1715113330079154e-01  1.7552604057685002e+00
      1730  4.3249999999999762e+00  1.1704278712882530e-01  1.7831144061194025e+00
      1740  4.3499999999999801e+00  1.1693292909719346e-01  1.8113724780300709e+00
      1750  4.3749999999999840e+00  1.1682157148263783e-01  1.8400187275962681e+00
      1760  4.3999999999999879e+00  1.1670872987320338e-01  1.8690353471149069e+00
      1770  4.4249999999999918e+00  1.1659442245306329e-01  1.8984025964151974e+00
      1780  4.4499999999999957e+00  1.1647866899680402e-01  1.9280987672583024e+00
      1790  4.4749999999999996e+00  1.1636148955842290e-01  1.9580999740428345e+00
      1800  4.5000000000000036e+00  1.1624290285133319e-01  1.9883796930269331e+00
      1810  4.5250000000000075e+00  1.1612292432223138e-01  2.0189081976892467e+00
      1820  4.5500000000000114e+00  1.1600156394391279e-01  2.0496521353154568e+00
      1830  4.5750000000000153e+00  1.1587882383661821e-01  2.0805742555014638e+00
      1840  4.6000000000000192e+00  1.1575469600814872e-01  2.1116329885317963e+00
      1850  4.6250000000000231e+00  1.1562916074100340e-01  2.1427816606275151e+00
      1860  4.6500000000000270e+00  1.1550218631924883e-01  2.1739676699681941e+00
      1870  4.6750000000000309e+00  1.1537373071667843e-01  2.2051323852115037e+00
      1880  4.7000000000000348e+00  1.1524374548205473e-01  2.2362123510931090e+00
      1890  4.7250000000000387e+00  1.1511218144636747e-01  2.2671417155777189e+00
      1900  4.7500000000000426e+00  1.1497899527959251e-01  2.2978552315389855e+00
      1910  4.7750000000000465e+00  1.1484415560167398e-01  2.3282911071475845e+00
      1920  4.8000000000000504e+00  1.1470764744096587e-01  2.3583931932073772e+00
      1930  4.8250000000000544e+00  1.1456947428009529e-01  2.3881121989558084e+00
      1940  4.8500000000000583e+00  1.1442965754077304e-01  2.4174058302500222e+00
      1950  4.8750000000000622e+00  1.1428823391453071e-01  2.4462380264258392e+00
      1960  4.9000000000000661e+00  1.1414525129730913e-01  2.4745777040079032e+00
      1970  4.9250000000000700e+00  1.1400076419177830e-01  2.5023974527082291e+00
      1980  4.9500000000000739e+00  1.1385482934238434e-01  2.5296725192179390e+00
      1990  4.9750000000000778e+00  1.1370750214103332e-01  2.5563802659199733e+00
      2000  5.0000000000000817e+00  1.1355883407106383e-01  2.5825001294621046e+00
      2010  5.0250000000000856e+00  1.1340887121926719e-01  2.6080139400784757e+00
      2020  5.0500000000000895e+00  1.1325765372670347e-01  2.6329063658187436e+00
      2030  5.0750000000000934e+00  1.1310521597695540e-01  2.6571652750432061e+00
      2040  5.1000000000000973e+00  1.1295158731324162e-01  2.6807819342025337e+00
      2050  5.1250000000001013e+00  1.1279679310032736e-01  2.7037510779763304e+00
      2060  5.1500000000001052e+00  1.1264085597783069e-01  2.7260709355573049e+00
      2070  5.1750000000001091e+00  1.1248379717806668e-01  2.7477432753885714e+00
      2080  5.2000000000001130e+00  1.1232563780421653e-01  2.7687734857224630e+00
      2090  5.2250000000001169e+00  1.1216639998551471e-01  2.7891706754609237e+00
      2100  5.2500000000001208e+00  1.1200610784537771e-01  2.8089477688234206e+00
      2110  5.2750000000001247e+00  1.1184478823533310e-01  2.8281215707575850e+00
      2120  5.3000000000001286e+00  1.1168247120319966e-01  2.8467127858270982e+00
      2130  5.3250000000001325e+00  1.1151919018040554e-01  2.8647459757262070e+00
      2140  5.3500000000001364e+00  1.1135498189159809e-01  2.8822494407919504e+00
      2150  5.3750000000001403e+00  1.1118988600768298e-01  2.8992550115550602e+00
      2160  5.4000000000001442e+00  1.1102394457687284e-01  2.9157977380661882e+00
      2170  5.4250000000001481e+00  1.1085720127438827e-01  2.9319154670256876e+00
      2180  5.4500000000001521e+00  1.1068970051130204e-01  2.9476483003681413e+00
      2190  5.4750000000001560e+00  1.1052148644088476e-01  2.9630379361162851e+00
      2200  5.5000000000001599e+00  1.1035260190063230e-01  2.9781269039522967e+00
      2210  5.5250000000001638e+00  1.1018308733133083e-01  2.9929577217067547e+00
      2220  5.5500000000001677e+00  1.1001297972026287e-01  3.0075720117662783e+00
      2230  5.5750000000001716e+00  1.0984231162238577e-01  3.0220096274034639e+00
      2240  5.6000000000001755e+00  1.0967111031914926e-01  3.0363078480746252e+00
      2250  5.6250000000001794e+00  1.0949939717713711e-01  3.0505007073738212e+00
      2260  5.6500000000001833e+00  1.0932718726518742e-01  3.0646185134038845e+00
      2270  5.6750000000001872e+00  1.0915448927665747e-01  3.0786876060836587e+00
      2280  5.7000000000001911e+00  1.0898130578149563e-01  3.0927303698238523e+00
      2290  5.7250000000001950e+00  1.0880763380045699e-01  3.1067654861223916e+00
      2300  5.7500000000001990e+00  1.0863346565321861e-01  3.1208083738405597e+00
      2310  5.7750000000002029e+00  1.0845878998922346e-01  3.1348717322687860e+00
      2320  5.8000000000002068e+00  1.0828359287490441e-01  3.1489660824544640e+00
      2330  5.8250000000002107e+00  1.0810785879531895e-01  3.1631002037722256e+00
      2340  5.8500000000002146e+00  1.0793157144095876e-01  3.1772813887734918e+00
      2350  5.8750000000002185e+00  1.0775471419251745e-01  3.1915154855469926e+00
      2360  5.9000000000002224e+00  1.0757727027863980e-01  3.2058067508256682e+00
      2370  5.9250000000002263e+00  1.0739922264729883e-01  3.2201575824524676e+00
      2380  5.9500000000002302e+00  1.0722055364199529e-01  3.2345682226587789e+00
      2390  5.9750000000002341e+00  1.0704124459668075e-01  3.2490365190391802e+00
      2400  6.0000000000002380e+00  1.0686127545594772e-01  3.2635578045780764e+00
      2410  6.0250000000002419e+00  1.0668062449785483e-01  3.2781249249425740e+00
      2420  6.0500000000002458e+00  1.0649926819991347e-01  3.2927284130496658e+00
      2430  6.0750000000002498e+00  1.0631718125774944e-01  3.3073567946819411e+00
      2440  6.1000000000002537e+00  1.0613433674795379e-01  3.3219970053540905e+00
      2450  6.1250000000002576e+00  1.0595070642000797e-01  3.3366349024228163e+00
      2460  6.1500000000002615e+00  1.0576626109834670e-01  3.3512558580637773e+00
      2470  6.1750000000002654e+00  1.0558097116519056e-01  3.3658454094066495e+00
      2480  6.2000000000002693e+00  1.0539480707480577e-01  3.3803899204904721e+00
      2490  6.2250000000002732e+00  1.0520773982740726e-01  3.3948771863575134e+00
      2500  6.2500000000002771e+00  1.0501974131958804e-01  3.4092968985218187e+00
      2510  6.2750000000002810e+00  1.0483078449936117e-01  3.4236409048629184e+00
      2520  6.3000000000002849e+00  1.0464084328921130e-01  3.4379032342160353e+00
      2530  6.3250000000002888e+00  1.0444989229067009e-01  3.4520799023631744e+00
      2540  6.3500000000002927e+00  1.0425790633434257e-01  3.4661685540314750e+00
      2550  6.3750000000002967e+00  1.0406485997773403e-01  3.4801680138589532e+00
      2560  6.4000000000003006e+00  1.0387072707339905e-01  3.4940778177167230e+00
      2570  6.4250000000003045e+00  1.0367548053050507e-01  3.5078977810348245e+00
      2580  6.4500000000003084e+00  1.0347909237419582e-01  3.5216276403252421e+00
      2590  6.4750000000003123e+00  1.0328153416953111e-01  3.5352667819761743e+00
      2600  6.5000000000003162e+00  1.0308277782227840e-01  3.5488140498695185e+00
      2610  6.5250000000003201e+00  1.0288279670416527e-01  3.5622676027878228e+00
      2620  6.5500000000003240e+00  1.0268156698789500e-01  3.5756247797531520e+00
      2630  6.5750000000003279e+00  1.0247906903247410e-01  3.5888819330472516e+00
      2640  6.6000000000003318e+00  1.0227528864392277e-01  3.6020342066011405e+00
      2650  6.6250000000003357e+00  1.0207021805329588e-01  3.6150752662210117e+00
      2660  6.6500000000003396e+00  1.0186385649639979e-01  3.6279970178538534e+00
      2670  6.6750000000003435e+00  1.0165621033435021e-01  3.6407893717229574e+00
      2680  6.7000000000003475e+00  1.0144729270677815e-01  3.6534401187626483e+00
      2690  6.7250000000003514e+00  1.0123712274965635e-01  3.6659349815124872e+00
      2700  6.7500000000003553e+00  1.0102572443365632e-01  3.6782578883095044e+00
      2710  6.7750000000003592e+00  1.0081312508899882e-01  3.6903915011346190e+00
      2720  6.8000000000003631e+00  1.0059935368490401e-01  3.7023180057838435e+00
      2730  6.8250000000003670e+00  1.0038443893313732e-01  3.7140201505240997e+00
      2740  6.8500000000003709e+00  1.0016840729188497e-01  3.7254825012323762e+00
      2750  6.8750000000003748e+00  9.9951280960652820e-02  3.7366928719457453e+00
      2760  6.9000000000003787e+00  9.9733075975244088e-02  3.7476438872975846e+00
      2770  6.9250000000003826e+00  9.9513800524204949e-02  3.7583346255995210e+00
      2780  6.9500000000003865e+00  9.9293453602261711e-02  3.7687722644306877e+00
      2790  6.9750000000003904e+00  9.9072024083981715e-02  3.7789736009915516e+00
      2800  7.0000000000003944e+00  9.8849490243295251e-02  3.7889662609513399e+00
      2810  7.0250000000003983e+00  9.8625819674742987e-02  3.7987893688317001e+00
      2820  7.0500000000004022e+00  9.8400969514633311e-02  3.8084934591311102e+00
      2830  7.0750000000004061e+00  9.8174886844783790e-02  3.8181394825944387e+00
      2840  7.1000000000004100e+00  9.7947509212455250e-02  3.8277969144710420e+00
      2850  7.1250000000004139e+00  9.7718765318428401e-02  3.8375411835956131e+00
      2860  7.1500000000004178e+00  9.7488576072834705e-02  3.8474508549012660e+00
      2870  7.1750000000004217e+00  9.7256856319839956e-02  3.8576051201284383e+00
      2880  7.2000000000004256e+00  9.7023517505292763e-02  3.8680820947433742e+00
      2890  7.2250000000004295e+00  9.6788471366891097e-02  3.8789581637493299e+00
      2900  7.2500000000004334e+00  9.6551634405995725e-02  3.8903082445798631e+00
      2910  7.2750000000004373e+00  9.6312932570560099e-02  3.9022064889464582e+00
      2920  7.3000000000004412e+00  9.6072305378894879e-02  3.9147267670294984e+00
      2930  7.3250000000004452e+00  9.5829708736976083e-02  3.9279423277260500e+00
      2940  7.3500000000004491e+00  9.5585115950950634e-02  3.9419242647285809e+00
      2950  7.3750000000004530e+00  9.5338516831137909e-02  3.9567387296225945e+00
      2960  7.4000000000004569e+00  9.5089915205835893e-02  3.9724431213232885e+00
      2970  7.4250000000004608e+00  9.4839325506642891e-02  3.9890817143676341e+00
      2980  7.4500000000004647e+00  9.4586769285234485e-02  4.0066813699992393e+00
      2990  7.4750000000004686e+00  9.4332272549407151e-02  4.0252480573801224e+00
      3000  7.5000000000004725e+00  9.4075864672226930e-02  4.0447647989178779e+00
      3010  7.5250000000004764e+00  9.3817579366709954e-02  4.0651913230993491e+00
      3020  7.5500000000004803e+00  9.3557457881164322e-02  4.0864653123697737e+00
      3030  7.5750000000004842e+00  9.3295554217751406e-02  4.1085048754545066e+00
      3040  7.6000000000004881e+00  9.3031941873905089e-02  4.1312118158571401e+00
      3050  7.6250000000004921e+00  9.2766721406041561e-02  4.1544753498412274e+00
      3060  7.6500000000004960e+00  9.2500028012749286e-02  4.1781761349069869e+00
      3070  7.6750000000004999e+00  9.2232038202792716e-02  4.2021908871736370e+00
      3080  7.7000000000005038e+00  9.1962974163669307e-02  4.2263984637514391e+00
      3090  7.7250000000005077e+00  9.1693103313384990e-02  4.2506885913501665e+00
      3100  7.7500000000005116e+00  9.1422728586634240e-02  4.2749735001603033e+00
      3110  7.7750000000005155e+00  9.1152162980802785e-02  4.2991998973605908e+00
      3120  7.8000000000005194e+00  9.0881681720178083e-02  4.3233547451807927e+00
      3130  7.8250000000005233e+00  9.0611449848391201e-02  4.3474559082170111e+00
      3140  7.8500000000005272e+00  9.0341433833346727e-02  4.3715216243854036e+00
      3150  7.8750000000005311e+00  9.0071320696717359e-02  4.3955233100194046e+00
      3160  7.9000000000005350e+00  8.9800479410926262e-02  4.4193418707866842e+00
      3170  7.9250000000005389e+00  8.9527995580358028e-02  4.4427573341635181e+00
      3180  7.9500000000005429e+00  8.9252785527265152e-02  4.4654894827890740e+00
      3190  7.9750000000005468e+00  8.8973759234776006e-02  4.4872724101140304e+00
      3200  8.0000000000005507e+00  8.8689977553623210e-02  4.5079179506525326e+00
      3210  8.0250000000005457e+00  8.8400756856252529e-02  4.5273341324854667e+00
      3220  8.0500000000005407e+00  8.8105706706668936e-02  4.5455040696333434e+00
      3230  8.0750000000005357e+00  8.7804716348984780e-02  4.5624548557721167e+00
      3240  8.1000000000005308e+00  8.7497915723813150e-02  4.5782375211261447e+00
      3250  8.1250000000005258e+00  8.7185629847143210e-02  4.5929193675181760e+00
      3260  8.1500000000005208e+00  8.6868334853599617e-02  4.6065809861785280e+00
      3270  8.1750000000005159e+00  8.6546617671592206e-02  4.6193123951136806e+00
      3280  8.2000000000005109e+00  8.6221139459131194e-02  4.6312067962533613e+00
      3290  8.2250000000005059e+00  8.5892603163401075e-02  4.6423524437328077e+00
      3300  8.2500000000005009e+00  8.5561726079506032e-02  4.6528245715328095e+00
      3310  8.2750000000004960e+00  8.5229218281496219e-02  4.6626806324864838e+00
      3320  8.3000000000004910e+00  8.4895767113748551e-02  4.6719607584737712e+00
      3330  8.3250000000004860e+00  8.4562026974909772e-02  4.6806912674681240e+00
      3340  8.3500000000004810e+00  8.4228613087171761e-02  4.6888869621282675e+00
      3350  8.3750000000004761e+00  8.3896098057899528e-02  4.6965510036014390e+00
      3360  8.4000000000004711e+00  8.3565010409344473e-02  4.7036755116610901e+00
      3370  8.4250000000004661e+00  8.3235834449608028e-02  4.7102461665943313e+00
      3380  8.4500000000004611e+00  8.2909010886378586e-02  4.7162500777374594e+00
      3390  8.4750000000004562e+00  8.2584937680313160e-02  4.7216829376351233e+00
      3400  8.5000000000004512e+00  8.2263970886216961e-02  4.7265522754812213e+00
      3410  8.5250000000004462e+00  8.1946425471207530e-02  4.7308770472222428e+00
      3420  8.5500000000004412e+00  8.1632576132535394e-02  4.7346864080960351e+00
      3430  8.5750000000004363e+00  8.1322658025744273e-02  4.7380206255974380e+00
      3440  8.6000000000004313e+00  8.1016867301316353e-02  4.7409353176142115e+00
      3450  8.6250000000004263e+00  8.0715361477721498e-02  4.7435075376576384e+00
      3460  8.6500000000004214e+00  8.0418259783346279e-02  4.7458394695633678e+00
      3470  8.6750000000004164e+00  8.0125643743674233e-02  4.7480545163106694e+00
      3480  8.7000000000004114e+00  7.9837558704847375e-02  4.7502835903722921e+00
      3490  8.7250000000004064e+00  7.9554017367611701e-02  4.7526450481369310e+00
      3500  8.7500000000004015e+00  7.9275006077770510e-02  4.7552244725097182e+00
      3510  8.7750000000003965e+00  7.9000493835271466e-02  4.7580577933960812e+00
      3520  8.8000000000003915e+00  7.8730444008569451e-02  4.7611183603723680e+00
      3530  8.8250000000003865e+00  7.8464829602753032e-02  4.7643122348921457e+00
      3540  8.8500000000003816e+00  7.8203651599287152e-02  4.7674950070506119e+00
      3550  8.8750000000003766e+00  7.7946951686987248e-02  4.7705217792059309e+00
      3560  8.9000000000003716e+00  7.7694797683725050e-02  4.7733000169242229e+00
      3570  8.9250000000003666e+00  7.7447224130874748e-02  4.7757684149655645e+00
      3580  8.9500000000003617e+00  7.7204152788047763e-02  4.7778064346668394e+00
      3590  8.9750000000003567e+00  7.6965355636702339e-02  4.7792266914678963e+00
      3600  9.0000000000003517e+00  7.6730485710179275e-02  4.7799249307641788e+00
      3610  9.0250000000003467e+00  7.6499122298046355e-02  4.7800338125550254e+00
      3620  9.0500000000003418e+00  7.6270758338939812e-02  4.7799105881436721e+00
      3630  9.0750000000003368e+00  7.6044712695304698e-02  4.7799675940737723e+00
      3640  9.1000000000003318e+00  7.5820010115849670e-02  4.7804476260078938e+00
      3650  9.1250000000003268e+00  7.5595291938141750e-02  4.7811982929518603e+00
      3660  9.1500000000003219e+00  7.5368819045590509e-02  4.7815143089830148e+00
      3670  9.1750000000003169e+00  7.5138619158338459e-02  4.7802244097948853e+00
      3680  9.2000000000003119e+00  7.4902776856590514e-02  4.7761128644769237e+00
      3690  9.2250000000003070e+00  7.4659766733778387e-02  4.7684322338950404e+00
      3700  9.2500000000003020e+00  7.4408678602228652e-02  4.7571152609480698e+00
      3710  9.2750000000002970e+00  7.4149253456025564e-02  4.7426120358231795e+00
      3720  9.3000000000002920e+00  7.3881770653790784e-02  4.7256266383603578e+00
      3730  9.3250000000002871e+00  7.3606873365663386e-02  4.7069267429308713e+00
      3740  9.3500000000002821e+00  7.3325392498221910e-02  4.6871862344483657e+00
      3750  9.3750000000002771e+00  7.3038207617488585e-02  4.6668924129101530e+00
      3760  9.4000000000002721e+00  7.2746165482866610e-02  4.6463714910752517e+00
      3770  9.4250000000002672e+00  7.2450047241541405e-02  4.6258290379510587e+00
      3780  9.4500000000002622e+00  7.2150569420479226e-02  4.6053702942861236e+00
      3790  9.4750000000002572e+00  7.1848402889094535e-02  4.5850805109781467e+00
      3800  9.5000000000002522e+00  7.1544176241029074e-02  4.5650718922475937e+00
      3810  9.5250000000002473e+00  7.1238454349829773e-02  4.5453907559572059e+00
      3820  9.5500000000002423e+00  7.0931731723343935e-02  4.5259547893689320e+00
      3830  9.5750000000002373e+00  7.0624460746052898e-02  4.5066677918022475e+00
      3840  9.6000000000002323e+00  7.0317078102931848e-02  4.4875434426311612e+00
      3850  9.6250000000002274e+00  7.0009997720169533e-02  4.4686590117428320e+00
      3860  9.6500000000002224e+00  6.9703590134505734e-02  4.4500658899321338e+00
      3870  9.6750000000002174e+00  6.9398176140754086e-02  4.4318123863109269e+00
      3880  9.7000000000002125e+00  6.9094027956925911e-02  4.4139814289456755e+00
      3890  9.7250000000002075e+00  6.8791365773255424e-02  4.3966525737829507e+00
      3900  9.7500000000002025e+00  6.8490355829281723e-02  4.3798659882404677e+00
      3910  9.7750000000001975e+00  6.8191114661059238e-02  4.3636390106585066e+00
      3920  9.8000000000001926e+00  6.7893713540058065e-02  4.3479917460495923e+00
      3930  9.8250000000001876e+00  6.7598178260068342e-02  4.3329384075121531e+00
      3940  9.8500000000001826e+00  6.7304488471156628e-02  4.3184533001743000e+00
      3950  9.8750000000001776e+00  6.7012585460237993e-02  4.3044540963636853e+00
      3960  9.9000000000001727e+00  6.6722391023042034e-02  4.2908224932552420e+00
      3970  9.9250000000001677e+00  6.6433830142361425e-02  4.2774390794624204e+00
      3980  9.9500000000001627e+00  6.6146848091895373e-02  4.2642015885872308e+00
      3990  9.9750000000001577e+00  6.5861418821089758e-02  4.2510229933263680e+00
      4000  1.0000000000000153e+01  6.5577547251910754e-02  4.2378261127301252e+00
