         0  0.0000000000000000e+00  1.2500000000000000e-01  3.7500000000000000e-01
        10  2.4999999999999998e-02  1.2498828154506588e-01  3.7498925451311256e-01
        20  5.0000000000000010e-02  1.2497656266336566e-01  3.7502732000235854e-01
        30  7.5000000000000025e-02  1.2496484183065642e-01  3.7511420140333259e-01
        40  1.0000000000000005e-01  1.2495311752528769e-01  3.7524993128231563e-01
        50  1.2500000000000006e-01  1.2494138823090047e-01  3.7543456977662701e-01
        60  1.5000000000000008e-01  1.2492965244039365e-01  3.7566820453655133e-01
        70  1.7500000000000010e-01  1.2491790866099248e-01  3.7595095066627858e-01
        80  2.0000000000000012e-01  1.2490615542023162e-01  3.7628295066081953e-01
        90  2.2500000000000014e-01  1.2489439127262573e-01  3.7666437433543433e-01
       100  2.5000000000000017e-01  1.2488261480678516e-01  3.7709541874387034e-01
       110  2.7500000000000019e-01  1.2487082465271610e-01  3.7757630808157222e-01
       120  3.0000000000000021e-01  1.2485901948903577e-01  3.7810729357004732e-01
       130  3.2500000000000023e-01  1.2484719804983370e-01  3.7868865331873000e-01
       140  3.5000000000000026e-01  1.2483535913091653e-01  3.7932069216097999e-01
       150  3.7500000000000028e-01  1.2482350159518868e-01  3.8000374146126470e-01
       160  4.0000000000000030e-01  1.2481162437693999e-01  3.8073815889108778e-01
       170  4.2500000000000032e-01  1.2479972648483838e-01  3.8152432817182627e-01
       180  4.5000000000000034e-01  1.2478780700345728e-01  3.8236265878330650e-01
       190  4.7500000000000037e-01  1.2477586509320018e-01  3.8325358563764516e-01
       200  5.0000000000000033e-01  1.2476389998852391e-01  3.8419756871860751e-01
       210  5.2499999999999980e-01  1.2475191099440158e-01  3.8519509268745539e-01
       220  5.4999999999999927e-01  1.2473989748100280e-01  3.8624666645693668e-01
       230  5.7499999999999873e-01  1.2472785887661297e-01  3.8735282273573608e-01
       240  5.9999999999999820e-01  1.2471579465884787e-01  3.8851411754628191e-01
       250  6.2499999999999767e-01  1.2470370434425551e-01  3.8973112971932314e-01
       260  6.4999999999999714e-01  1.2469158747643373e-01  3.9100446036913344e-01
       270  6.7499999999999660e-01  1.2467944361281572e-01  3.9233473235352508e-01
       280  6.9999999999999607e-01  1.2466727231030608e-01  3.9372258972311712e-01
       290  7.2499999999999554e-01  1.2465507310996744e-01  3.9516869716444145e-01
       300  7.4999999999999500e-01  1.2464284552097395e-01  3.9667373944152306e-01
       310  7.7499999999999447e-01  1.2463058900406083e-01  3.9823842084053237e-01
       320  7.9999999999999394e-01  1.2461830295470397e-01  3.9986346462197281e-01
       330  8.2499999999999341e-01  1.2460598668626529e-01  4.0154961248465207e-01
       340  8.4999999999999287e-01  1.2459363941333825e-01  4.0329762404540352e-01
       350  8.7499999999999234e-01  1.2458126023551899e-01  4.0510827633816508e-01
       360  8.9999999999999181e-01  1.2456884812181983e-01  4.0698236333562206e-01
       370  9.2499999999999127e-01  1.2455640189592614e-01  4.0892069549616293e-01
       380  9.4999999999999074e-01  1.2454392022248254e-01  4.1092409933841929e-01
       390  9.7499999999999021e-01  1.2453140159457373e-01  4.1299341704514577e-01
       400  9.9999999999998967e-01  1.2451884432254394e-01  4.1512950609767651e-01
       410  1.0249999999999893e+00  1.2450624652427815e-01  4.1733323894167217e-01
       420  1.0499999999999887e+00  1.2449360611704321e-01  4.1960550268435125e-01
       430  1.0749999999999882e+00  1.2448092081096401e-01  4.2194719882289331e-01
       440  1.0999999999999877e+00  1.2446818810418553e-01  4.2435924300322084e-01
       450  1.1249999999999871e+00  1.2445540527974904e-01  4.2684256480791520e-01
       460  1.1499999999999866e+00  1.2444256940418864e-01  4.2939810757160038e-01
       470  1.1749999999999861e+00  1.2442967732783059e-01  4.3202682822174646e-01
       480  1.1999999999999855e+00  1.2441672568676153e-01  4.3472969714251571e-01
       490  1.2249999999999850e+00  1.2440371090641079e-01  4.3750769805897696e-01
       500  1.2499999999999845e+00  1.2439062920667673e-01  4.4036182793877759e-01
       510  1.2749999999999839e+00  1.2437747660851209e-01  4.4329309690816782e-01
       520  1.2999999999999834e+00  1.2436424894187267e-01  4.4630252817913794e-01
       530  1.3249999999999829e+00  1.2435094185491955e-01  4.4939115798432708e-01
       540  1.3499999999999823e+00  1.2433755082436184e-01  4.5256003551633807e-01
       550  1.3749999999999818e+00  1.2432407116681598e-01  4.5581022286808609e-01
       560  1.3999999999999813e+00  1.2431049805105744e-01  4.5914279497088075e-01
       570  1.4249999999999807e+00  1.2429682651103488e-01  4.6255883952702986e-01
       580  1.4499999999999802e+00  1.2428305145951909e-01  4.6605945693391040e-01
       590  1.4749999999999797e+00  1.2426916770225766e-01  4.6964576019663426e-01
       600  1.4999999999999791e+00  1.2425516995251011e-01  4.7331887482666332e-01
       610  1.5249999999999786e+00  1.2424105284584256e-01  4.7707993872400187e-01
       620  1.5499999999999781e+00  1.2422681095506231e-01  4.8093010204087736e-01
       630  1.5749999999999775e+00  1.2421243880518309e-01  4.8487052702517302e-01
       640  1.5999999999999770e+00  1.2419793088831478e-01  4.8890238784222650e-01
       650  1.6249999999999765e+00  1.2418328167837870e-01  4.9302687037400601e-01
       660  1.6499999999999759e+00  1.2416848564555783e-01  4.9724517199509969e-01
       670  1.6749999999999754e+00  1.2415353727039866e-01  5.0155850132540438e-01
       680  1.6999999999999749e+00  1.2413843105748701e-01  5.0596807795986893e-01
       690  1.7249999999999743e+00  1.2412316154863118e-01  5.1047513217616347e-01
       700  1.7499999999999738e+00  1.2410772333548832e-01  5.1508090462165954e-01
       710  1.7749999999999733e+00  1.2409211107158189e-01  5.1978664598168033e-01
       720  1.7999999999999727e+00  1.2407631948366089e-01  5.2459361663155285e-01
       730  1.8249999999999722e+00  1.2406034338235897e-01  5.2950308627561662e-01
       740  1.8499999999999717e+00  1.2404417767211790e-01  5.3451633357699119e-01
       750  1.8749999999999711e+00  1.2402781736034467e-01  5.3963464578259144e-01
       760  1.8999999999999706e+00  1.2401125756577560e-01  5.4485931834859550e-01
       770  1.9249999999999701e+00  1.2399449352602518e-01  5.5019165457233723e-01
       780  1.9499999999999695e+00  1.2397752060430303e-01  5.5563296523740886e-01
       790  1.9749999999999690e+00  1.2396033429528283e-01  5.6118456827960955e-01
       800  1.9999999999999685e+00  1.2394293023011194e-01  5.6684778848229324e-01
       810  2.0249999999999679e+00  1.2392530418055293e-01  5.7262395721064076e-01
       820  2.0499999999999674e+00  1.2390745206225105e-01  5.7851441219541526e-01
       830  2.0749999999999669e+00  1.2388936993712261e-01  5.8452049737785746e-01
       840  2.0999999999999663e+00  1.2387105401486307e-01  5.9064356282855600e-01
       850  2.1249999999999658e+00  1.2385250065357583e-01  5.9688496475437644e-01
       860  2.1499999999999653e+00  1.2383370635952404e-01  6.0324606560885933e-01
       870  2.1749999999999647e+00  1.2381466778601140e-01  6.0972823432291416e-01
       880  2.1999999999999642e+00  1.2379538173140018e-01  6.1633284667413504e-01
       890  2.2249999999999637e+00  1.2377584513627823e-01  6.2306128581465359e-01
       900  2.2499999999999631e+00  1.2375605507978819e-01  6.2991494297912238e-01
       910  2.2749999999999626e+00  1.2373600877513858e-01  6.3689521839620830e-01
       920  2.2999999999999621e+00  1.2371570356431616e-01  6.4400352242883348e-01
       930  2.3249999999999615e+00  1.2369513691202722e-01  6.5124127697039200e-01
       940  2.3499999999999610e+00  1.2367430639889512e-01  6.5860991712623111e-01
       950  2.3749999999999605e+00  1.2365320971394817e-01  6.6611089321187613e-01
       960  2.3999999999999599e+00  1.2363184464643444e-01  6.7374567310176770e-01
       970  2.4249999999999594e+00  1.2361020907700441e-01  6.8151574496469621e-01
       980  2.4499999999999589e+00  1.2358830096830460e-01  6.8942262042464893e-01
       990  2.4749999999999583e+00  1.2356611835502903e-01  6.9746783818846471e-01
      1000  2.4999999999999578e+00  1.2354365933347729e-01  7.0565296818451706e-01
      1010  2.5249999999999573e+00  1.2352092205066873e-01  7.1397961625963141e-01
      1020  2.5499999999999567e+00  1.2349790469306331e-01  7.2244942948462607e-01
      1030  2.5749999999999562e+00  1.2347460547493901e-01  7.3106410212224863e-01
      1040  2.5999999999999557e+00  1.2345102262647285e-01  7.3982538231489716e-01
      1050  2.6249999999999551e+00  1.2342715438157200e-01  7.4873507955340680e-01
      1060  2.6499999999999546e+00  1.2340299896549313e-01  7.5779507299235836e-01
      1070  2.6749999999999541e+00  1.2337855458228623e-01  7.6700732068188711e-01
      1080  2.6999999999999535e+00  1.2335381940208985e-01  7.7637386979086655e-01
      1090  2.7249999999999530e+00  1.2332879154829564e-01  7.8589686790165001e-01
      1100  2.7499999999999525e+00  1.2330346908459141e-01  7.9557857546233752e-01
      1110  2.7749999999999519e+00  1.2327785000187939e-01  8.0542137948882261e-01
      1120  2.7999999999999514e+00  1.2325193220505324e-01  8.1542780861571735e-01
      1130  2.8249999999999509e+00  1.2322571349960455e-01  8.2560054960269005e-01
      1140  2.8499999999999504e+00  1.2319919157801200e-01  8.3594246541079327e-01
      1150  2.8749999999999498e+00  1.2317236400585340e-01  8.4645661497202846e-01
      1160  2.8999999999999493e+00  1.2314522820755919e-01  8.5714627478461929e-01
      1170  2.9249999999999488e+00  1.2311778145171225e-01  8.6801496247619491e-01
      1180  2.9499999999999482e+00  1.2309002083577630e-01  8.7906646248710715e-01
      1190  2.9749999999999477e+00  1.2306194327012091e-01  8.9030485403617175e-01
      1200  2.9999999999999472e+00  1.2303354546118692e-01  9.0173454154073944e-01
      1210  3.0249999999999466e+00  1.2300482389362214e-01  9.1336028767158174e-01
      1220  3.0499999999999461e+00  1.2297577481119628e-01  9.2518724922963519e-01
      1230  3.0749999999999456e+00  1.2294639419628994e-01  9.3722101603494049e-01
      1240  3.0999999999999450e+00  1.2291667774773569e-01  9.4946765301641554e-01
      1250  3.1249999999999445e+00  1.2288662085677943e-01  9.6193374568213779e-01
      1260  3.1499999999999440e+00  1.2285621858092271e-01  9.7462644913062079e-01
      1270  3.1749999999999434e+00  1.2282546561540301e-01  9.8755354073040109e-01
      1280  3.1999999999999429e+00  1.2279435626207549e-01  1.0007234765434248e+00
      1290  3.2249999999999424e+00  1.2276288439547099e-01  1.0141454514916125e+00
      1300  3.2499999999999418e+00  1.2273104342583316e-01  1.0278294631591035e+00
      1310  3.2749999999999413e+00  1.2269882625897302e-01  1.0417863789777846e+00
      1320  3.2999999999999408e+00  1.2266622525283665e-01  1.0560280063534314e+00
      1330  3.3249999999999402e+00  1.2263323217075779e-01  1.0705671650472442e+00
      1340  3.3499999999999397e+00  1.2259983813146475e-01  1.0854177608273732e+00
      1350  3.3749999999999392e+00  1.2256603355603983e-01  1.1005948590440074e+00
      1360  3.3999999999999386e+00  1.2253180811218370e-01  1.1161147563583403e+00
      1370  3.4249999999999381e+00  1.2249715065632709e-01  1.1319950483699353e+00
      1380  3.4499999999999376e+00  1.2246204917435559e-01  1.1482546903397895e+00
      1390  3.4749999999999370e+00  1.2242649072196803e-01  1.1649140476051204e+00
      1400  3.4999999999999365e+00  1.2239046136598037e-01  1.1819949316505528e+00
      1410  3.5249999999999360e+00  1.2235394612819868e-01  1.1995206171932462e+00
      1420  3.5499999999999354e+00  1.2231692893381837e-01  1.2175158351508535e+00
      1430  3.5749999999999349e+00  1.2227939256663309e-01  1.2360067361210836e+00
      1440  3.5999999999999344e+00  1.2224131863364401e-01  1.2550208191495831e+00
      1450  3.6249999999999338e+00  1.2220268754190961e-01  1.2745868212001718e+00
      1460  3.6499999999999333e+00  1.2216347849063637e-01  1.2947345638856063e+00
      1470  3.6749999999999328e+00  1.2212366948155317e-01  1.3154947555910619e+00
      1480  3.6999999999999322e+00  1.2208323735050508e-01  1.3368987489821991e+00
      1490  3.7249999999999317e+00  1.2204215782293834e-01  1.3589782558384909e+00
      1500  3.7499999999999312e+00  1.2200040559553043e-01  1.3817650229287660e+00
      1510  3.7749999999999306e+00  1.2195795444568469e-01  1.4052904739946876e+00
      1520  3.7999999999999301e+00  1.2191477737001127e-01  1.4295853238222531e+00
      1530  3.8249999999999296e+00  1.2187084675232470e-01  1.4546791712637863e+00
      1540  3.8499999999999290e+00  1.2182613456117458e-01  1.4806000794393048e+00
      1550  3.8749999999999285e+00  1.2178061257653140e-01  1.5073741533666898e+00
      1560  3.8999999999999280e+00  1.2173425264503702e-01  1.5350251279330015e+00
      1570  3.9249999999999274e+00  1.2168702696320171e-01  1.5635739823466628e+00
      1580  3.9499999999999269e+00  1.2163890838811109e-01  1.5930385989883173e+00
      1590  3.9749999999999264e+00  1.2158987077568499e-01  1.6234334796187452e+00
      1600  3.9999999999999258e+00  1.2153988934745998e-01  1.6547695188977787e+00
      1610  4.0249999999999293e+00  1.2148894108814822e-01  1.6870538288097264e+00
      1620  4.0499999999999332e+00  1.2143700517697660e-01  1.7202896275213144e+00
      1630  4.0749999999999371e+00  1.2138406345487066e-01  1.7544762342898895e+00
      1640  4.0999999999999410e+00  1.2133010092691417e-01  1.7896091846526917e+00
      1650  4.1249999999999449e+00  1.2127510629658248e-01  1.8256803780997054e+00
      1660  4.1499999999999488e+00  1.2121907252474702e-01  1.8626780970011473e+00
      1670  4.1749999999999527e+00  1.2116199739797159e-01  1.9005868033575928e+00
      1680  4.1999999999999567e+00  1.2110388407198294e-01  1.9393867712870052e+00
      1690  4.2249999999999606e+00  1.2104474152823811e-01  1.9790536865825990e+00
      1700  4.2499999999999645e+00  1.2098458485376094e-01  2.0195582632442553e+00
      1710  4.2749999999999684e+00  1.2092343524346058e-01  2.0608657379651226e+00
      1720  4.2999999999999723e+00  1.2086131964406061e-01  2.1029351724248236e+00
      1730  4.3249999999999762e+00  1.2079826999934247e-01  2.1457193447762072e+00
      1740  4.3499999999999801e+00  1.2073432208856328e-01  2.1891666504550065e+00
      1750  4.3749999999999840e+00  1.2066951397906773e-01  2.2332244889211700e+00
      1760  4.3999999999999879e+00  1.2060388415165258e-01  2.2778406293955318e+00
      1770  4.4249999999999918e+00  1.2053746928579634e-01  2.3229608047738447e+00
      1780  4.4499999999999957e+00  1.2047030134865665e-01  2.3685265280435868e+00
      1790  4.4749999999999996e+00  1.2040240315430146e-01  2.4144775504426130e+00
      1800  4.5000000000000036e+00  1.2033378150452278e-01  2.4607557543674271e+00
      1810  4.5250000000000075e+00  1.2026441807046415e-01  2.5073023081453793e+00
      1820  4.5500000000000114e+00  1.2019426051568201e-01  2.5540466842532710e+00
      1830  4.5750000000000153e+00  1.2012321886750933e-01  2.6008968447526152e+00
      1840  4.6000000000000192e+00  1.2005117239948483e-01  2.6477397397361097e+00
      1850  4.6250000000000231e+00  1.1997798858180285e-01  2.6944525704977112e+00
      1860  4.6500000000000270e+00  1.1990354933055000e-01  2.7409208925637960e+00
      1870  4.6750000000000309e+00  1.1982777504094834e-01  2.7870570750034898e+00
      1880  4.7000000000000348e+00  1.1975063751786717e-01  2.8328093150596583e+00
      1890  4.7250000000000387e+00  1.1967215855168063e-01  2.8781560282708331e+00
      1900  4.7500000000000426e+00  1.1959239724071735e-01  2.9230902753743613e+00
      1910  4.7750000000000465e+00  1.1951143239318377e-01  2.9676033498674914e+00
      1920  4.8000000000000504e+00  1.1942934597220417e-01  3.0116741959773979e+00
      1930  4.8250000000000544e+00  1.1934621117615644e-01  3.0552656350261560e+00
      1940  4.8500000000000583e+00  1.1926208612975173e-01  3.0983267545772041e+00
      1950  4.8750000000000622e+00  1.1917701206208593e-01  3.1408009238628397e+00
      1960  4.9000000000000661e+00  1.1909101390360192e-01  3.1826349545856790e+00
      1970  4.9250000000000700e+00  1.1900410175147212e-01  3.2237830807532794e+00
      1980  4.9500000000000739e+00  1.1891627294957543e-01  3.2642056397936706e+00
      1990  4.9750000000000778e+00  1.1882751526648718e-01  3.3038681808659051e+00
      2000  5.0000000000000817e+00  1.1873781110838360e-01  3.3427436817659752e+00
      2010  5.0250000000000856e+00  1.1864714185216666e-01  3.3808145987714957e+00
      2020  5.0500000000000895e+00  1.1855549140574233e-01  3.4180712335421355e+00
      2030  5.0750000000000934e+00  1.1846284878729055e-01  3.4545073846153566e+00
      2040  5.1000000000000973e+00  1.1836921003833783e-01  3.4901168400214059e+00
      2050  5.1250000000001013e+00  1.1827457999899682e-01  3.5248933154419798e+00
      2060  5.1500000000001052e+00  1.1817897441467034e-01  3.5588340722329554e+00
      2070  5.1750000000001091e+00  1.1808242227064087e-01  3.5919451269410096e+00
      2080  5.2000000000001130e+00  1.1798496742464057e-01  3.6242450073270005e+00
      2090  5.2250000000001169e+00  1.1788666848305778e-01  3.6557650430938288e+00
      2100  5.2500000000001208e+00  1.1778759685317191e-01  3.6865467927817599e+00
      2110  5.2750000000001247e+00  1.1768783388191331e-01  3.7166394256659669e+00
      2120  5.3000000000001286e+00  1.1758746782210202e-01  3.7460988881708312e+00
      2130  5.3250000000001325e+00  1.1748659061822783e-01  3.7749876087655877e+00
      2140  5.3500000000001364e+00  1.1738529425413956e-01  3.8033724402719203e+00
      2150  5.3750000000001403e+00  1.1728366676992584e-01  3.8313208804683012e+00
      2160  5.4000000000001442e+00  1.1718178837257192e-01  3.8588977546246464e+00
      2170  5.4250000000001481e+00  1.1707972791022802e-01  3.8861635659358309e+00
      2180  5.4500000000001521e+00  1.1697753978478188e-01  3.9131741015586172e+00
      2190  5.4750000000001560e+00  1.1687526153380749e-01  3.9399805262164382e+00
      2200  5.5000000000001599e+00  1.1677291259869349e-01  3.9666295930290779e+00
      2210  5.5250000000001638e+00  1.1667049484788285e-01  3.9931644560132969e+00
      2220  5.5500000000001677e+00  1.1656799503894025e-01  4.0196263649906674e+00
      2230  5.5750000000001716e+00  1.1646538883483172e-01  4.0460563980433656e+00
      2240  5.6000000000001755e+00  1.1636264577957589e-01  4.0724972071842763e+00
      2250  5.6250000000001794e+00  1.1625973473783187e-01  4.0989965813263507e+00
      2260  5.6500000000001833e+00  1.1615662903947433e-01  4.1256130785896489e+00
      2270  5.6750000000001872e+00  1.1605330989589695e-01  4.1524198209264042e+00
      2280  5.7000000000001911e+00  1.1594976662628872e-01  4.1795024234674678e+00
      2290  5.7250000000001950e+00  1.1584599340536467e-01  4.2069527134698963e+00
      2300  5.7500000000001990e+00  1.1574198352940782e-01  4.2348632144209630e+00
      2310  5.7750000000002029e+00  1.1563772249284859e-01  4.2633230420393218e+00
      2320  5.8000000000002068e+00  1.1553318128828417e-01  4.2924134171031907e+00
      2330  5.8250000000002107e+00  1.1542831203884055e-01  4.3222064693953256e+00
      2340  5.8500000000002146e+00  1.1532304736796539e-01  4.3527705557905980e+00
      2350  5.8750000000002185e+00  1.1521730198784246e-01  4.3841750476641128e+00
      2360  5.9000000000002224e+00  1.1511097352003037e-01  4.4164863272191065e+00
      2370  5.9250000000002263e+00  1.1500394173405229e-01  4.4497572321753689e+00
      2380  5.9500000000002302e+00  1.1489606815023325e-01  4.4840173680299471e+00
      2390  5.9750000000002341e+00  1.1478719828610866e-01  4.5192684444552789e+00
      2400  6.0000000000002380e+00  1.1467716715640612e-01  4.5554855934311984e+00
      2410  6.0250000000002419e+00  1.1456580701404049e-01  4.5926250309251108e+00
      2420  6.0500000000002458e+00  1.1445295567695614e-01  4.6306374142585424e+00
      2430  6.0750000000002498e+00  1.1433846326215878e-01  4.6694827544123755e+00
      2440  6.1000000000002537e+00  1.1422219469806094e-01  4.7091395064051322e+00
      2450  6.1250000000002576e+00  1.1410402665687910e-01  4.7496023858775793e+00
      2460  6.1500000000002615e+00  1.1398384091391467e-01  4.7908709345090632e+00
      2470  6.1750000000002654e+00  1.1386151927483175e-01  4.8329385597113502e+00
      2480  6.2000000000002693e+00  1.1373694494822445e-01  4.8757920915014114e+00
      2490  6.2250000000002732e+00  1.1361001097516729e-01  4.9194227939056333e+00
      2500  6.2500000000002771e+00  1.1348063139720378e-01  4.9638397811177767e+00
      2510  6.2750000000002810e+00  1.1334874893257196e-01  5.0090748661599718e+00
      2520  6.3000000000002849e+00  1.1321433484815862e-01  5.0551746931594983e+00
      2530  6.3250000000002888e+00  1.1307738091774999e-01  5.1021853109630319e+00
      2540  6.3500000000002927e+00  1.1293788716916977e-01  5.1501377003836002e+00
      2550  6.3750000000002967e+00  1.1279585055135253e-01  5.1990391775415382e+00
      2560  6.4000000000003006e+00  1.1265125869304130e-01  5.2488709893361033e+00
      2570  6.4250000000003045e+00  1.1250409033879221e-01  5.2995865954442329e+00
      2580  6.4500000000003084e+00  1.1235432122086122e-01  5.3510980979890158e+00
      2590  6.4750000000003123e+00  1.1220193333648480e-01  5.4032407571063204e+00
      2600  6.5000000000003162e+00  1.1204692645597729e-01  5.4557182849275281e+00
      2610  6.5250000000003201e+00  1.1188933069694424e-01  5.5080449040637685e+00
      2620  6.5500000000003240e+00  1.1172921865120599e-01  5.5595131318677730e+00
      2630  6.5750000000003279e+00  1.1156671573725172e-01  5.6092152856000258e+00
      2640  6.6000000000003318e+00  1.1140200749369068e-01  5.6561235710258815e+00
      2650  6.6250000000003357e+00  1.1123534304841803e-01  5.6992199238098329e+00
      2660  6.6500000000003396e+00  1.1106703356901385e-01  5.7376654431269539e+00
      2670  6.6750000000003435e+00  1.1089744146950564e-01  5.7709757039612768e+00
      2680  6.7000000000003475e+00  1.1072695503305719e-01  5.7991411861240755e+00
      2690  6.7250000000003514e+00  1.1055594778957592e-01  5.8226458059627938e+00
      2700  6.7500000000003553e+00  1.1038472980507766e-01  5.8423789410806665e+00
      2710  6.7750000000003592e+00  1.1021350397770257e-01  5.8594701890685310e+00
      2720  6.8000000000003631e+00  1.1004233988315806e-01  5.8751013579087905e+00
      2730  6.8250000000003670e+00  1.0987116993804622e-01  5.8903579965750071e+00
      2740  6.8500000000003709e+00  1.0969980644239563e-01  5.9061444133044483e+00
      2750  6.8750000000003748e+00  1.0952798034545164e-01  5.9231518243468921e+00
      2760  6.9000000000003787e+00  1.0935539900643273e-01  5.9418796714920758e+00
      2770  6.9250000000003826e+00  1.0918180265185483e-01  5.9627058444453447e+00
      2780  6.9500000000003865e+00  1.0900699275410741e-01  5.9859565556027140e+00
      2790  6.9750000000003904e+00  1.0883082485391742e-01  6.0119129211572384e+00
      2800  7.0000000000003944e+00  1.0865318367193086e-01  6.0407655015374922e+00
      2810  7.0250000000003983e+00  1.0847395949277211e-01  6.0726030572245458e+00
      2820  7.0500000000004022e+00  1.0829302703552361e-01  6.1074517299647037e+00
      2830  7.0750000000004061e+00  1.0811023056691261e-01  6.1453071746854003e+00
      2840  7.1000000000004100e+00  1.0792538444594758e-01  6.1861641695221613e+00
      2850  7.1250000000004139e+00  1.0773827902547482e-01  6.2300451946021282e+00
      2860  7.1500000000004178e+00  1.0754868213055277e-01  6.2769560585372435e+00
      2870  7.1750000000004217e+00  1.0735635326358071e-01  6.3268141299953539e+00
      2880  7.2000000000004256e+00  1.0716107120466643e-01  6.3794803635204608e+00
      2890  7.2250000000004295e+00  1.0696264659319186e-01  6.4347786295776882e+00
      2900  7.2500000000004334e+00  1.0676093369713400e-01  6.4924583921197253e+00
      2910  7.2750000000004373e+00  1.0655584886086440e-01  6.5522644669882345e+00
      2920  7.3000000000004412e+00  1.0634736650184095e-01  6.6139178153931224e+00
      2930  7.3250000000004452e+00  1.0613553073428287e-01  6.6770924730836654e+00
      2940  7.3500000000004491e+00  1.0592047571052719e-01  6.7415306155379821e+00
      2950  7.3750000000004530e+00  1.0570240318914483e-01  6.8069208906422615e+00
      2960  7.4000000000004569e+00  1.0548157165664147e-01  6.8728250909646262e+00
      2970  7.4250000000004608e+00  1.0525829730532583e-01  6.9388306445117681e+00
      2980  7.4500000000004647e+00  1.0503291299490269e-01  7.0045105877952301e+00
      2990  7.4750000000004686e+00  1.0480574332554656e-01  7.0693982838371456e+00
      3000  7.5000000000004725e+00  1.0457713485271274e-01  7.1331836758470274e+00
      3010  7.5250000000004764e+00  1.0434748232582658e-01  7.1957433637000842e+00
      3020  7.5500000000004803e+00  1.0411723093591325e-01  7.2570180707069950e+00
      3030  7.5750000000004842e+00  1.0388686652952244e-01  7.3171140301196127e+00
      3040  7.6000000000004881e+00  1.0365685078795173e-01  7.3764964031537985e+00
      3050  7.6250000000004921e+00  1.0342744376947855e-01  7.4359360299936941e+00
      3060  7.6500000000004960e+00  1.0319841593929429e-01  7.4961586381052395e+00
      3070  7.6750000000004999e+00  1.0296879095776295e-01  7.5574849176427296e+00
      3080  7.7000000000005038e+00  1.0273685685581400e-01  7.6197403636013352e+00
      3090  7.7250000000005077e+00  1.0250056628764376e-01  7.6825130680235034e+00
      3100  7.7500000000005116e+00  1.0225812524200769e-01  7.7456335365671200e+00
      3110  7.7750000000005155e+00  1.0200836652312512e-01  7.8093739810502546e+00
      3120  7.8000000000005194e+00  1.0175075724456348e-01  7.8742744758991805e+00
      3130  7.8250000000005233e+00  1.0148522518033792e-01  7.9409800822434299e+00
      3140  7.8500000000005272e+00  1.0121198409600339e-01  8.0101362424080384e+00
      3150  7.8750000000005311e+00  1.0093140527909129e-01  8.0821922122847418e+00
      3160  7.9000000000005350e+00  1.0064394536668194e-01  8.1572064946109251e+00
      3170  7.9250000000005389e+00  1.0035013120633704e-01  8.2348082212255313e+00
      3180  7.9500000000005429e+00  1.0005057665141184e-01  8.3142546200822740e+00
      3190  7.9750000000005468e+00  9.9746010329074925e-02  8.3945289531650291e+00
      3200  8.0000000000005507e+00  9.9437300978021759e-02  8.4745498015796131e+00
      3210  8.0250000000005457e+00  9.9125456119746773e-02  8.5534088231597458e+00
      3220  8.0500000000005407e+00  9.8811582287218878e-02  8.6304713445771231e+00
      3230  8.0750000000005357e+00  9.8496818545594103e-02  8.7054424063977972e+00
      3240  8.1000000000005308e+00  9.8182269857336501e-02  8.7783960004036836e+00
      3250  8.1250000000005258e+00  9.7868962244552225e-02  8.8496333000548346e+00
      3260  8.1500000000005208e+00  9.7557810453254618e-02  8.9194787230773695e+00
      3270  8.1750000000005159e+00  9.7249581309510763e-02  8.9880933708673382e+00
      3280  8.2000000000005109e+00  9.6944860448780118e-02  9.0555264072139469e+00
      3290  8.2250000000005059e+00  9.6644034357895318e-02  9.1219884066003631e+00
      3300  8.2500000000005009e+00  9.6347272316901973e-02  9.1879048563188504e+00
      3310  8.2750000000004960e+00  9.6054484712937596e-02  9.2536101799864303e+00
      3320  8.3000000000004910e+00  9.5765290842566560e-02  9.3191422642409029e+00
      3330  8.3250000000004860e+00  9.5479070675402512e-02  9.3845134775017009e+00
      3340  8.3500000000004810e+00  9.5195141434411327e-02  9.4500567910184993e+00
      3350  8.3750000000004761e+00  9.4912970009029113e-02  9.5166773847688973e+00
      3360  8.4000000000004711e+00  9.4632237210028468e-02  9.5854725452619472e+00
      3370  8.4250000000004661e+00  9.4352780783779342e-02  9.6566768936474160e+00
      3380  8.4500000000004611e+00  9.4074684768503137e-02  9.7299898205147450e+00
      3390  8.4750000000004562e+00  9.3798383027775088e-02  9.8054194776512381e+00
      3400  8.5000000000004512e+00  9.3524536502307005e-02  9.8827541080574208e+00
      3410  8.5250000000004462e+00  9.3253970626890592e-02  9.9613640795052166e+00
      3420  8.5500000000004412e+00  9.2987759659161000e-02  1.0040845154815164e+01
      3430  8.5750000000004363e+00  9.2727056042851874e-02  1.0120964487160369e+01
      3440  8.6000000000004313e+00  9.2472375524873798e-02  1.0200603401279720e+01
      3450  8.6250000000004263e+00  9.2223185622922847e-02  1.0277052369501164e+01
      3460  8.6500000000004214e+00  9.1978608435905901e-02  1.0347820098456738e+01
      3470  8.6750000000004164e+00  9.1737902134113304e-02  1.0411456234772215e+01
      3480  8.7000000000004114e+00  9.1500225239884735e-02  1.0467016130153246e+01
      3490  8.7250000000004064e+00  9.1264174667836787e-02  1.0513220501897737e+01
      3500  8.7500000000004015e+00  9.1027624947426295e-02  1.0547992558357811e+01
      3510  8.7750000000003965e+00  9.0788264330264759e-02  1.0570021207492273e+01
      3520  8.8000000000003915e+00  9.0544297427199695e-02  1.0580170060520973e+01
      3530  8.8250000000003865e+00  9.0294878081798600e-02  1.0582111149580116e+01
      3540  8.8500000000003816e+00  9.0039836094068079e-02  1.0580679110935020e+01
      3550  8.8750000000003766e+00  8.9778810615773806e-02  1.0579047730197431e+01
      3560  8.9000000000003716e+00  8.9510350511143012e-02  1.0576044655189300e+01
      3570  8.9250000000003666e+00  8.9232209581764570e-02  1.0567542030880862e+01
      3580  8.9500000000003617e+00  8.8942775819463370e-02  1.0551032059690267e+01
      3590  8.9750000000003567e+00  8.8641803446936227e-02  1.0526570551880459e+01
      3600  9.0000000000003517e+00  8.8329868642551294e-02  1.0494368658635690e+01
      3610  9.0250000000003467e+00  8.8007794748202353e-02  1.0454305958094819e+01
      3620  9.0500000000003418e+00  8.7676511934272619e-02  1.0406308302977966e+01
      3630  9.0750000000003368e+00  8.7337157081392666e-02  1.0350760120875231e+01
      3640  9.1000000000003318e+00  8.6991195077861631e-02  1.0289321282654709e+01
      3650  9.1250000000003268e+00  8.6640176205583237e-02  1.0223767257166051e+01
      3660  9.1500000000003219e+00  8.6285486929240097e-02  1.0155307738102777e+01
      3670  9.1750000000003169e+00  8.5928310139921237e-02  1.0084887735056772e+01
      3680  9.2000000000003119e+00  8.5569638991923540e-02  1.0012936611868655e+01
      3690  9.2250000000003070e+00  8.5210535763491581e-02  9.9402952229671073e+00
      3700  9.2500000000003020e+00  8.4852357363975491e-02  9.8691126763636829e+00
      3710  9.2750000000002970e+00  8.4496559496342192e-02  9.8018032225674675e+00
      3720  9.3000000000002920e+00  8.4144404363209099e-02  9.7398951425912886e+00
      3730  9.3250000000002871e+00  8.3796866909047844e-02  9.6841098568627000e+00
      3740  9.3500000000002821e+00  8.3454626939070727e-02  9.6348220431864399e+00
      3750  9.3750000000002771e+00  8.3117999464218285e-02  9.5921287489146602e+00
      3760  9.4000000000002721e+00  8.2786847180554160e-02  9.5558688992153154e+00
      3770  9.4250000000002672e+00  8.2460569926310851e-02  9.5255957741458964e+00
      3780  9.4500000000002622e+00  8.2138203832647060e-02  9.5003974648817846e+00
      3790  9.4750000000002572e+00  8.1818649493955506e-02  9.4789000889986758e+00
      3800  9.5000000000002522e+00  8.1501073248519550e-02  9.4598532702949269e+00
      3810  9.5250000000002473e+00  8.1185258915453311e-02  9.4429001038036529e+00
      3820  9.5500000000002423e+00  8.0871526374045426e-02  9.4284774968027146e+00
      3830  9.5750000000002373e+00  8.0560263228673487e-02  9.4169748016436209e+00
      3840  9.6000000000002323e+00  8.0251397680461377e-02  9.4079852264336309e+00
      3850  9.6250000000002274e+00  7.9944171185074098e-02  9.4001697035589410e+00
      3860  9.6500000000002224e+00  7.9637412701351449e-02  9.3915565087841370e+00
      3870  9.6750000000002174e+00  7.9330195889608097e-02  9.3806676916453102e+00
      3880  9.7000000000002125e+00  7.9022327801042163e-02  9.3674854260227718e+00
      3890  9.7250000000002075e+00  7.8714300154808355e-02  9.3529523645497830e+00
      3900  9.7500000000002025e+00  7.8407010659583813e-02  9.3382919855132502e+00
      3910  9.7750000000001975e+00  7.8101482458400963e-02  9.3246216381735683e+00
      3920  9.8000000000001926e+00  7.7798622403627689e-02  9.3126335899589023e+00
      3930  9.8250000000001876e+00  7.7499147479030924e-02  9.3028392032624045e+00
      3940  9.8500000000001826e+00  7.7203611144518735e-02  9.2959726420862009e+00
      3950  9.8750000000001776e+00  7.6912372277060302e-02  9.2928785749747724e+00
      3960  9.9000000000001727e+00  7.6625538617916075e-02  9.2940122959374599e+00
      3970  9.9250000000001677e+00  7.6343001394341921e-02  9.2991722466814610e+00
      3980  9.9500000000001627e+00  7.6064546392919017e-02  9.3076716924064337e+00
      3990  9.9750000000001577e+00  7.5789929709812375e-02  9.3185858484074075e+00
      4000  1.0000000000000153e+01  7.5518891889060052e-02  9.3308544505628964e+00
