         0  0.0000000000000000e+00  1.2500000000000000e-01  3.7500000000000000e-01
        10  2.4999999999999998e-02  1.2499375002066285e-01  3.7500566243201666e-01
        20  5.0000000000000010e-02  1.2498749954021442e-01  3.7506015057278200e-01
        30  7.5000000000000025e-02  1.2498124774585347e-01  3.7516348647026864e-01
        40  1.0000000000000005e-01  1.2497499382736212e-01  3.7531571985630137e-01
        50  1.2500000000000006e-01  1.2496873698021241e-01  3.7551692811980700e-01
        60  1.5000000000000008e-01  1.2496247640994275e-01  3.7576721628174356e-01
        70  1.7500000000000010e-01  1.2495621133764355e-01  3.7606671696920780e-01
        80  2.0000000000000012e-01  1.2494994100636003e-01  3.7641559038571363e-01
        90  2.2500000000000014e-01  1.2494366468819134e-01  3.7681402427423562e-01
       100  2.5000000000000017e-01  1.2493738169183928e-01  3.7726223386933184e-01
       110  2.7500000000000019e-01  1.2493109137034737e-01  3.7776046183454385e-01
       120  3.0000000000000021e-01  1.2492479312875848e-01  3.7830897818126952e-01
       130  3.2500000000000023e-01  1.2491848643142171e-01  3.7890808016547415e-01
       140  3.5000000000000026e-01  1.2491217080868382e-01  3.7955809215888421e-01
       150  3.7500000000000028e-01  1.2490584586271302e-01  3.8025936549171948e-01
       160  4.0000000000000030e-01  1.2489951127222612e-01  3.8101227826454127e-01
       170  4.2500000000000032e-01  1.2489316679591347e-01  3.8181723512739217e-01
       180  4.5000000000000034e-01  1.2488681227438612e-01  3.8267466702506560e-01
       190  4.7500000000000037e-01  1.2488044763050844e-01  3.8358503090806798e-01
       200  5.0000000000000033e-01  1.2487407286801109e-01  3.8454880940954605e-01
       210  5.2499999999999980e-01  1.2486768806832412e-01  3.8556651048919840e-01
       220  5.4999999999999927e-01  1.2486129338560569e-01  3.8663866704588011e-01
       230  5.7499999999999873e-01  1.2485488903998518e-01  3.8776583650128318e-01
       240  5.9999999999999820e-01  1.2484847530907444e-01  3.8894860035766957e-01
       250  6.2499999999999767e-01  1.2484205251784016e-01  3.9018756373317418e-01
       260  6.4999999999999714e-01  1.2483562102696210e-01  3.9148335487863871e-01
       270  6.7499999999999660e-01  1.2482918121983172e-01  3.9283662468029657e-01
       280  6.9999999999999607e-01  1.2482273348837215e-01  3.9424804615289295e-01
       290  7.2499999999999554e-01  1.2481627821788087e-01  3.9571831392798527e-01
       300  7.4999999999999500e-01  1.2480981577111422e-01  3.9724814374224087e-01
       310  7.7499999999999447e-01  1.2480334647184204e-01  3.9883827193051331e-01
       320  7.9999999999999394e-01  1.2479687058811081e-01  4.0048945492837071e-01
       330  8.2499999999999341e-01  1.2479038831545258e-01  4.0220246878854017e-01
       340  8.4999999999999287e-01  1.2478389976027737e-01  4.0397810871546545e-01
       350  8.7499999999999234e-01  1.2477740492367765e-01  4.0581718862182717e-01
       360  8.9999999999999181e-01  1.2477090368586468e-01  4.0772054071048340e-01
       370  9.2499999999999127e-01  1.2476439579144192e-01  4.0968901508484542e-01
       380  9.4999999999999074e-01  1.2475788083570390e-01  4.1172347939022829e-01
       390  9.7499999999999021e-01  1.2475135825212980e-01  4.1382481848821516e-01
       400  9.9999999999998967e-01  1.2474482730121983e-01  4.1599393416556458e-01
       410  1.0249999999999893e+00  1.2473828706079917e-01  4.1823174487867069e-01
       420  1.0499999999999887e+00  1.2473173641789193e-01  4.2053918553408019e-01
       430  1.0749999999999882e+00  1.2472517406224152e-01  4.2291720730506882e-01
       440  1.0999999999999877e+00  1.2471859848153289e-01  4.2536677748381851e-01
       450  1.1249999999999871e+00  1.2471200795834501e-01  4.2788887936828070e-01
       460  1.1499999999999866e+00  1.2470540056884099e-01  4.3048451218240958e-01
       470  1.1749999999999861e+00  1.2469877418318249e-01  4.3315469102808600e-01
       480  1.1999999999999855e+00  1.2469212646763227e-01  4.3590044686671974e-01
       490  1.2249999999999850e+00  1.2468545488829253e-01  4.3872282652825292e-01
       500  1.2499999999999845e+00  1.2467875671640894e-01  4.4162289274505484e-01
       510  1.2749999999999839e+00  1.2467202903515470e-01  4.4460172420802582e-01
       520  1.2999999999999834e+00  1.2466526874779806e-01  4.4766041564210775e-01
       530  1.3249999999999829e+00  1.2465847258714468e-01  4.5080007789832538e-01
       540  1.3499999999999823e+00  1.2465163712613818e-01  4.5402183805946219e-01
       550  1.3749999999999818e+00  1.2464475878949578e-01  4.5732683955650635e-01
       560  1.3999999999999813e+00  1.2463783386625200e-01  4.6071624229307873e-01
       570  1.4249999999999807e+00  1.2463085852307964e-01  4.6419122277517676e-01
       580  1.4499999999999802e+00  1.2462382881825759e-01  4.6775297424373511e-01
       590  1.4749999999999797e+00  1.2461674071615614e-01  4.7140270680771340e-01
       600  1.4999999999999791e+00  1.2460959010211037e-01  4.7514164757565750e-01
       610  1.5249999999999786e+00  1.2460237279756017e-01  4.7897104078397044e-01
       620  1.5499999999999781e+00  1.2459508457533602e-01  4.8289214792043023e-01
       630  1.5749999999999775e+00  1.2458772117497615e-01  4.8690624784182868e-01
       640  1.5999999999999770e+00  1.2458027831796992e-01  4.9101463688497794e-01
       650  1.6249999999999765e+00  1.2457275172282608e-01  4.9521862897070675e-01
       660  1.6499999999999759e+00  1.2456513711987183e-01  4.9951955570087333e-01
       670  1.6749999999999754e+00  1.2455743026569902e-01  5.0391876644884767e-01
       680  1.6999999999999749e+00  1.2454962695717845e-01  5.0841762844434311e-01
       690  1.7249999999999743e+00  1.2454172304497216e-01  5.1301752685392696e-01
       700  1.7499999999999738e+00  1.2453371444648063e-01  5.1771986485899085e-01
       710  1.7749999999999733e+00  1.2452559715816959e-01  5.2252606373343115e-01
       720  1.7999999999999727e+00  1.2451736726722585e-01  5.2743756292374949e-01
       730  1.8249999999999722e+00  1.2450902096250060e-01  5.3245582013477006e-01
       740  1.8499999999999717e+00  1.2450055454470184e-01  5.3758231142464661e-01
       750  1.8749999999999711e+00  1.2449196443580485e-01  5.4281853131332448e-01
       760  1.8999999999999706e+00  1.2448324718765319e-01  5.4816599290912214e-01
       770  1.9249999999999701e+00  1.2447439948972720e-01  5.5362622805860331e-01
       780  1.9499999999999695e+00  1.2446541817606227e-01  5.5920078752544332e-01
       790  1.9749999999999690e+00  1.2445630023129907e-01  5.6489124120452330e-01
       800  1.9999999999999685e+00  1.2444704279585599e-01  5.7069917837807343e-01
       810  2.0249999999999679e+00  1.2443764317021291e-01  5.7662620802127231e-01
       820  2.0499999999999674e+00  1.2442809881829894e-01  5.8267395916536136e-01
       830  2.0749999999999669e+00  1.2441840736998085e-01  5.8884408132702627e-01
       840  2.0999999999999663e+00  1.2440856662264932e-01  5.9513824501356250e-01
       850  2.1249999999999658e+00  1.2439857454190399e-01  6.0155814231417983e-01
       860  2.1499999999999653e+00  1.2438842926134082e-01  6.0810548758874890e-01
       870  2.1749999999999647e+00  1.2437812908144686e-01  6.1478201826634398e-01
       880  2.1999999999999642e+00  1.2436767246761185e-01  6.2158949576714824e-01
       890  2.2249999999999637e+00  1.2435705804727028e-01  6.2852970656265683e-01
       900  2.2499999999999631e+00  1.2434628460618757e-01  6.3560446339067209e-01
       910  2.2749999999999626e+00  1.2433535108391274e-01  6.4281560664339772e-01
       920  2.2999999999999621e+00  1.2432425656841978e-01  6.5016500594897813e-01
       930  2.3249999999999615e+00  1.2431300028996761e-01  6.5765456196919911e-01
       940  2.3499999999999610e+00  1.2430158161421108e-01  6.6528620843874643e-01
       950  2.3749999999999605e+00  1.2429000003460054e-01  6.7306191447448557e-01
       960  2.3999999999999599e+00  1.2427825516411338e-01  6.8098368718670600e-01
       970  2.4249999999999594e+00  1.2426634672636264e-01  6.8905357462819721e-01
       980  2.4499999999999589e+00  1.2425427454613478e-01  6.9727366912146216e-01
       990  2.4749999999999583e+00  1.2424203853940986e-01  7.0564611100933269e-01
      1000  2.4999999999999578e+00  1.2422963870292193e-01  7.1417309287980552e-01
      1010  2.5249999999999573e+00  1.2421707510331826e-01  7.2285686432208615e-01
      1020  2.5499999999999567e+00  1.2420434786597893e-01  7.3169973727767533e-01
      1030  2.5749999999999562e+00  1.2419145716355584e-01  7.4070409205788443e-01
      1040  2.5999999999999557e+00  1.2417840320429089e-01  7.4987238410748123e-01
      1050  2.6249999999999551e+00  1.2416518622017022e-01  7.5920715160330309e-01
      1060  2.6499999999999546e+00  1.2415180645496673e-01  7.6871102398665793e-01
      1070  2.6749999999999541e+00  1.2413826415221710e-01  7.7838673153923931e-01
      1080  2.6999999999999535e+00  1.2412455954317506e-01  7.8823711612419026e-01
      1090  2.7249999999999530e+00  1.2411069283476914e-01  7.9826514322687541e-01
      1100  2.7499999999999525e+00  1.2409666419758766e-01  8.0847391544401907e-01
      1110  2.7749999999999519e+00  1.2408247375389841e-01  8.1886668758515819e-01
      1120  2.7999999999999514e+00  1.2406812156569807e-01  8.2944688356699155e-01
      1130  2.8249999999999509e+00  1.2405360762277094e-01  8.4021811529927345e-01
      1140  2.8499999999999504e+00  1.2403893183072070e-01  8.5118420378053724e-01
      1150  2.8749999999999498e+00  1.2402409399891975e-01  8.6234920264325990e-01
      1160  2.8999999999999493e+00  1.2400909382830313e-01  8.7371742441123957e-01
      1170  2.9249999999999488e+00  1.2399393089891135e-01  8.8529346975703894e-01
      1180  2.9499999999999482e+00  1.2397860465706886e-01  8.9708226007446094e-01
      1190  2.9749999999999477e+00  1.2396311440205824e-01  9.0908907371008832e-01
      1200  2.9999999999999472e+00  1.2394745927213221e-01  9.2131958622888739e-01
      1210  3.0249999999999466e+00  1.2393163822967998e-01  9.3377991512133383e-01
      1220  3.0499999999999461e+00  1.2391565004534202e-01  9.4647666939290797e-01
      1230  3.0749999999999456e+00  1.2389949328084834e-01  9.5941700451010325e-01
      1240  3.0999999999999450e+00  1.2388316627033069e-01  9.7260868320867601e-01
      1250  3.1249999999999445e+00  1.2386666709984487e-01  9.8606014269725777e-01
      1260  3.1499999999999440e+00  1.2384999358482280e-01  9.9978056880873963e-01
      1270  3.1749999999999434e+00  1.2383314324516335e-01  1.0137799776573927e+00
      1280  3.1999999999999429e+00  1.2381611327767000e-01  1.0280693053438169e+00
      1290  3.2249999999999424e+00  1.2379890052554559e-01  1.0426605062026737e+00
      1300  3.2499999999999418e+00  1.2378150144467538e-01  1.0575666599973681e+00
      1310  3.2749999999999413e+00  1.2376391206645655e-01  1.0728020883154952e+00
      1320  3.2999999999999408e+00  1.2374612795698719e-01  1.0883824801903209e+00
      1330  3.3249999999999402e+00  1.2372814417249730e-01  1.1043250266504533e+00
      1340  3.3499999999999397e+00  1.2370995521100674e-01  1.1206485634790799e+00
      1350  3.3749999999999392e+00  1.2369155496032739e-01  1.1373737209638330e+00
      1360  3.3999999999999386e+00  1.2367293664269260e-01  1.1545230788687797e+00
      1370  3.4249999999999381e+00  1.2365409275650624e-01  1.1721213242692947e+00
      1380  3.4499999999999376e+00  1.2363501501594707e-01  1.1901954092026033e+00
      1390  3.4749999999999370e+00  1.2361569428945117e-01  1.2087747041731863e+00
      1400  3.4999999999999365e+00  1.2359612053842415e-01  1.2278911422724892e+00
      1410  3.5249999999999360e+00  1.2357628275790153e-01  1.2475793469927488e+00
      1420  3.5499999999999354e+00  1.2355616892127855e-01  1.2678767349204483e+00
      1430  3.5749999999999349e+00  1.2353576593165536e-01  1.2888235827995128e+00
      1440  3.5999999999999344e+00  1.2351505958275813e-01  1.3104630474555897e+00
      1450  3.6249999999999338e+00  1.2349403453277067e-01  1.3328411271278116e+00
      1460  3.6499999999999333e+00  1.2347267429468702e-01  1.3560065539512283e+00
      1470  3.6749999999999328e+00  1.2345096124692500e-01  1.3800106095066308e+00
      1480  3.6999999999999322e+00  1.2342887666787164e-01  1.4049068580218236e+00
      1490  3.7249999999999317e+00  1.2340640079773860e-01  1.4307507939786822e+00
      1500  3.7499999999999312e+00  1.2338351293060387e-01  1.4575994014285504e+00
      1510  3.7749999999999306e+00  1.2336019153887147e-01  1.4855106213555070e+00
      1520  3.7999999999999301e+00  1.2333641443168147e-01  1.5145427230567890e+00
      1530  3.8249999999999296e+00  1.2331215894814437e-01  1.5447535780075463e+00
      1540  3.8499999999999290e+00  1.2328740218575183e-01  1.5761998405594706e+00
      1550  3.8749999999999285e+00  1.2326212126401916e-01  1.6089360501507084e+00
      1560  3.8999999999999280e+00  1.2323629362338835e-01  1.6430136865274498e+00
      1570  3.9249999999999274e+00  1.2320989735969244e-01  1.6784802227859014e+00
      1580  3.9499999999999269e+00  1.2318291159538305e-01  1.7153782027406667e+00
      1590  3.9749999999999264e+00  1.2315531689078688e-01  1.7537443224257987e+00
      1600  3.9999999999999258e+00  1.2312709570145088e-01  1.7936085144161676e+00
      1610  4.0249999999999293e+00  1.2309823288870183e-01  1.8349931935645036e+00
      1620  4.0499999999999332e+00  1.2306871628781056e-01  1.8779129339450200e+00
      1630  4.0749999999999371e+00  1.2303853733426364e-01  1.9223745718402311e+00
      1640  4.0999999999999410e+00  1.2300769174809507e-01  1.9683772279903162e+00
      1650  4.1249999999999449e+00  1.2297618027354325e-01  2.0159117502918565e+00
      1660  4.1499999999999488e+00  1.2294400944945905e-01  2.0649597320042113e+00
      1670  4.1749999999999527e+00  1.2291119233545174e-01  2.1154926427376931e+00
      1680  4.1999999999999567e+00  1.2287774905147041e-01  2.1674713012656559e+00
      1690  4.2249999999999606e+00  1.2284370693603784e-01  2.2208452122583785e+00
      1700  4.2499999999999645e+00  1.2280910015063875e-01  2.2755502205279116e+00
      1710  4.2749999999999684e+00  1.2277396869715521e-01  2.3315045949099083e+00
      1720  4.2999999999999723e+00  1.2273835698061290e-01  2.3886104022473641e+00
      1730  4.3249999999999762e+00  1.2270231213242815e-01  2.4467656881084896e+00
      1740  4.3499999999999801e+00  1.2266588238675203e-01  2.5058757190634861e+00
      1750  4.3749999999999840e+00  1.2262911575857926e-01  2.5658481501068508e+00
      1760  4.3999999999999879e+00  1.2259205864457261e-01  2.6265817564447989e+00
      1770  4.4249999999999918e+00  1.2255475267406983e-01  2.6879715735176578e+00
      1780  4.4499999999999957e+00  1.2251722677156312e-01  2.7499283614460558e+00
      1790  4.4749999999999996e+00  1.2247948137082113e-01  2.8123798478754837e+00
      1800  4.5000000000000036e+00  1.2244146552476862e-01  2.8752393391849693e+00
      1810  4.5250000000000075e+00  1.2240305696090377e-01  2.9383725721826545e+00
      1820  4.5500000000000114e+00  1.2236406444812928e-01  3.0015892307428160e+00
      1830  4.5750000000000153e+00  1.2232426670273101e-01  3.0646682088879876e+00
      1840  4.6000000000000192e+00  1.2228347718449193e-01  3.1274265265855748e+00
      1850  4.6250000000000231e+00  1.2224159951146348e-01  3.1897881016058331e+00
      1860  4.6500000000000270e+00  1.2219864212215150e-01  3.2517900455961616e+00
      1870  4.6750000000000309e+00  1.2215469131247539e-01  3.3135343408834236e+00
      1880  4.7000000000000348e+00  1.2210986648292337e-01  3.3751190912588992e+00
      1890  4.7250000000000387e+00  1.2206428217649805e-01  3.4365840873066922e+00
      1900  4.7500000000000426e+00  1.2201802696447146e-01  3.4979042091924790e+00
      1910  4.7750000000000465e+00  1.2197115762964550e-01  3.5590066651127562e+00
      1920  4.8000000000000504e+00  1.2192370486086491e-01  3.6197918690960544e+00
      1930  4.8250000000000544e+00  1.2187568228112751e-01  3.6801700639945193e+00
      1940  4.8500000000000583e+00  1.2182708820435041e-01  3.7400799855942137e+00
      1950  4.8750000000000622e+00  1.2177790065035465e-01  3.7994613604179842e+00
      1960  4.9000000000000661e+00  1.2172807703151998e-01  3.8582381847232837e+00
      1970  4.9250000000000700e+00  1.2167756369633720e-01  3.9163455372735982e+00
      1980  4.9500000000000739e+00  1.2162630770638475e-01  3.9737545595682713e+00
      1990  4.9750000000000778e+00  1.2157426296429747e-01  4.0304670245351104e+00
      2000  5.0000000000000817e+00  1.2152139280731159e-01  4.0865020867777146e+00
      2010  5.0250000000000856e+00  1.2146767047169087e-01  4.1418753687229260e+00
      2020  5.0500000000000895e+00  1.2141307553552136e-01  4.1965664896810002e+00
      2030  5.0750000000000934e+00  1.2135759109901341e-01  4.2505085235145249e+00
      2040  5.1000000000000973e+00  1.2130121163726799e-01  4.3036249245988660e+00
      2050  5.1250000000001013e+00  1.2124396105926388e-01  4.3558832349543307e+00
      2060  5.1500000000001052e+00  1.2118590392453861e-01  4.4073115878120620e+00
      2070  5.1750000000001091e+00  1.2112713830123863e-01  4.4579653340963465e+00
      2080  5.2000000000001130e+00  1.2106778245507439e-01  4.5078969395733282e+00
      2090  5.2250000000001169e+00  1.2100796949525666e-01  4.5571650603079642e+00
      2100  5.2500000000001208e+00  1.2094784669509969e-01  4.6058495758255354e+00
      2110  5.2750000000001247e+00  1.2088756983043820e-01  4.6540362304076397e+00
      2120  5.3000000000001286e+00  1.2082728982501064e-01  4.7017813739814416e+00
      2130  5.3250000000001325e+00  1.2076713947200175e-01  4.7491010219330596e+00
      2140  5.3500000000001364e+00  1.2070722803082166e-01  4.7959861661355683e+00
      2150  5.3750000000001403e+00  1.2064764312409224e-01  4.8424259467177383e+00
      2160  5.4000000000001442e+00  1.2058845312786375e-01  4.8884330999948120e+00
      2170  5.4250000000001481e+00  1.2052970645561406e-01  4.9340603535780469e+00
      2180  5.4500000000001521e+00  1.2047143034507254e-01  4.9793948550692750e+00
      2190  5.4750000000001560e+00  1.2041362990391930e-01  5.0245170944285415e+00
      2200  5.5000000000001599e+00  1.2035628694224397e-01  5.0694464958044964e+00
      2210  5.5250000000001638e+00  1.2029936219353534e-01  5.1141241476203216e+00
      2220  5.5500000000001677e+00  1.2024280688476902e-01  5.1584716258723613e+00
      2230  5.5750000000001716e+00  1.2018658452134738e-01  5.2025124864760514e+00
      2240  5.6000000000001755e+00  1.2013068569537771e-01  5.2464380972959907e+00
      2250  5.6250000000001794e+00  1.2007511459612943e-01  5.2905188584966276e+00
      2260  5.6500000000001833e+00  1.2001986193975088e-01  5.3350041883808424e+00
      2270  5.6750000000001872e+00  1.1996489194067016e-01  5.3801690770716022e+00
      2280  5.7000000000001911e+00  1.1991011794845950e-01  5.4262838546783866e+00
      2290  5.7250000000001950e+00  1.1985535849007676e-01  5.4734465299796676e+00
      2300  5.7500000000001990e+00  1.1980034442326926e-01  5.5216619487244351e+00
      2310  5.7750000000002029e+00  1.1974479101399180e-01  5.5711115702392752e+00
      2320  5.8000000000002068e+00  1.1968845122693775e-01  5.6222027456136982e+00
      2330  5.8250000000002107e+00  1.1963110157933722e-01  5.6754110082623169e+00
      2340  5.8500000000002146e+00  1.1957249310062285e-01  5.7311325698770023e+00
      2350  5.8750000000002185e+00  1.1951231830451534e-01  5.7895677764148460e+00
      2360  5.9000000000002224e+00  1.1945021087972268e-01  5.8506474543990564e+00
      2370  5.9250000000002263e+00  1.1938576382972904e-01  5.9140967161604565e+00
      2380  5.9500000000002302e+00  1.1931855408304507e-01  5.9795812869495708e+00
      2390  5.9750000000002341e+00  1.1924819195414204e-01  6.0468593065045066e+00
      2400  6.0000000000002380e+00  1.1917439358907076e-01  6.1158515736568781e+00
      2410  6.0250000000002419e+00  1.1909702294825228e-01  6.1865837053786444e+00
      2420  6.0500000000002458e+00  1.1901606003690046e-01  6.2590797072346109e+00
      2430  6.0750000000002498e+00  1.1893155314897084e-01  6.3333523089700982e+00
      2440  6.1000000000002537e+00  1.1884366419004813e-01  6.4095698915042298e+00
      2450  6.1250000000002576e+00  1.1875277447017008e-01  6.4882983970711808e+00
      2460  6.1500000000002615e+00  1.1865951192148772e-01  6.5707625499848403e+00
      2470  6.1750000000002654e+00  1.1856457951894140e-01  6.6585141640139225e+00
      2480  6.2000000000002693e+00  1.1846847496157814e-01  6.7525500520652248e+00
      2490  6.2250000000002732e+00  1.1837136471459641e-01  6.8531254184221833e+00
      2500  6.2500000000002771e+00  1.1827318104951766e-01  6.9604404601493742e+00
      2510  6.2750000000002810e+00  1.1817380441695372e-01  7.0753993428962367e+00
      2520  6.3000000000002849e+00  1.1807312402965785e-01  7.1999145982970912e+00
      2530  6.3250000000002888e+00  1.1797086792023550e-01  7.3360440932926004e+00
      2540  6.3500000000002927e+00  1.1786644099186968e-01  7.4840249895227269e+00
      2550  6.3750000000002967e+00  1.1775906744970549e-01  7.6408158210426090e+00
      2560  6.4000000000003006e+00  1.1764806047168272e-01  7.7999507719075204e+00
      2570  6.4250000000003045e+00  1.1753301532972509e-01  7.9532983501881716e+00
      2580  6.4500000000003084e+00  1.1741395468456827e-01  8.0944717969988237e+00
      2590  6.4750000000003123e+00  1.1729132604884542e-01  8.2209819335613317e+00
      2600  6.5000000000003162e+00  1.1716580749658573e-01  8.3334308136270065e+00
      2610  6.5250000000003201e+00  1.1703806635582088e-01  8.4337041572483832e+00
      2620  6.5500000000003240e+00  1.1690861596818231e-01  8.5238933878873513e+00
      2630  6.5750000000003279e+00  1.1677781140603270e-01  8.6065680667003141e+00
      2640  6.6000000000003318e+00  1.1664583052149945e-01  8.6849417687848077e+00
      2650  6.6250000000003357e+00  1.1651262126158892e-01  8.7615579958861900e+00
      2660  6.6500000000003396e+00  1.1637794150990248e-01  8.8369221207801277e+00
      2670  6.6750000000003435e+00  1.1624154048962359e-01  8.9107060480209547e+00
      2680  6.7000000000003475e+00  1.1610335342412732e-01  8.9842804505413681e+00
      2690  6.7250000000003514e+00  1.1596328770897560e-01  9.0590826830385784e+00
      2700  6.7500000000003553e+00  1.1582113887851492e-01  9.1351033799777970e+00
      2710  6.7750000000003592e+00  1.1567696464560837e-01  9.2128116716102431e+00
      2720  6.8000000000003631e+00  1.1553105554781363e-01  9.2921017199032794e+00
      2730  6.8250000000003670e+00  1.1538365405472243e-01  9.3708710341430283e+00
      2740  6.8500000000003709e+00  1.1523533448624531e-01  9.4475449137003250e+00
      2750  6.8750000000003748e+00  1.1508702078131621e-01  9.5237219996238891e+00
      2760  6.9000000000003787e+00  1.1493884565529232e-01  9.6011579741437483e+00
      2770  6.9250000000003826e+00  1.1479012691037698e-01  9.6809971110910582e+00
      2780  6.9500000000003865e+00  1.1464011116662476e-01  9.7663233306918194e+00
      2790  6.9750000000003904e+00  1.1448791595869920e-01  9.8598805476981569e+00
      2800  7.0000000000003944e+00  1.1433270250454539e-01  9.9635748564603786e+00
      2810  7.0250000000003983e+00  1.1417386744117146e-01  1.0077145698312649e+01
      2820  7.0500000000004022e+00  1.1401126183996419e-01  1.0198764368415238e+01
      2830  7.0750000000004061e+00  1.1384494494202237e-01  1.0325157916301192e+01
      2840  7.1000000000004100e+00  1.1367504968281067e-01  1.0453437151093476e+01
      2850  7.1250000000004139e+00  1.1350184916599660e-01  1.0582386844086543e+01
      2860  7.1500000000004178e+00  1.1332545979820227e-01  1.0710225113430557e+01
      2870  7.1750000000004217e+00  1.1314612805968386e-01  1.0836776989925803e+01
      2880  7.2000000000004256e+00  1.1296416648771620e-01  1.0963407014670926e+01
      2890  7.2250000000004295e+00  1.1277944839104726e-01  1.1089031140562561e+01
      2900  7.2500000000004334e+00  1.1259181964788871e-01  1.1212251018482930e+01
      2910  7.2750000000004373e+00  1.1240137730578830e-01  1.1332451493806698e+01
      2920  7.3000000000004412e+00  1.1220840454821071e-01  1.1449462555559724e+01
      2930  7.3250000000004452e+00  1.1201337589771754e-01  1.1564488258727998e+01
      2940  7.3500000000004491e+00  1.1181669764147449e-01  1.1680512598980642e+01
      2950  7.3750000000004530e+00  1.1161838540436746e-01  1.1798186585889186e+01
      2960  7.4000000000004569e+00  1.1141821754333606e-01  1.1916409545356452e+01
      2970  7.4250000000004608e+00  1.1121606280235734e-01  1.2034144510320890e+01
      2980  7.4500000000004647e+00  1.1101210017508108e-01  1.2150975710399889e+01
      2990  7.4750000000004686e+00  1.1080685472244173e-01  1.2266699194150343e+01
      3000  7.5000000000004725e+00  1.1060105252131941e-01  1.2382472884508443e+01
      3010  7.5250000000004764e+00  1.1039524780911208e-01  1.2500678691921820e+01
      3020  7.5500000000004803e+00  1.1018931300663269e-01  1.2624172136458238e+01
      3030  7.5750000000004842e+00  1.0998193586413408e-01  1.2754991134579523e+01
      3040  7.6000000000004881e+00  1.0977079511253699e-01  1.2893839514730182e+01
      3050  7.6250000000004921e+00  1.0955338611080304e-01  1.3040111777515221e+01
      3060  7.6500000000004960e+00  1.0932775232346499e-01  1.3192257295260442e+01
      3070  7.6750000000004999e+00  1.0909285657174919e-01  1.3350434745502913e+01
      3080  7.7000000000005038e+00  1.0884798974575371e-01  1.3513571484594595e+01
      3090  7.7250000000005077e+00  1.0859248635992252e-01  1.3676461512887561e+01
      3100  7.7500000000005116e+00  1.0832657045953088e-01  1.3836681593521973e+01
      3110  7.7750000000005155e+00  1.0805162862920915e-01  1.3998373613561107e+01
      3120  7.8000000000005194e+00  1.0776939289435303e-01  1.4164534080271640e+01
      3130  7.8250000000005233e+00  1.0748159657620998e-01  1.4333721613197155e+01
      3140  7.8500000000005272e+00  1.0718980896668021e-01  1.4504547007471474e+01
      3150  7.8750000000005311e+00  1.0689509156702081e-01  1.4676452663491387e+01
      3160  7.9000000000005350e+00  1.0659837715683691e-01  1.4850235264956397e+01
      3170  7.9250000000005389e+00  1.0630059901809641e-01  1.5028121677430909e+01
      3180  7.9500000000005429e+00  1.0600236565234560e-01  1.5211126647764838e+01
      3190  7.9750000000005468e+00  1.0570406663078694e-01  1.5398000335781178e+01
      3200  8.0000000000005507e+00  1.0540608195508244e-01  1.5586120083427923e+01
      3210  8.0250000000005457e+00  1.0510872774616455e-01  1.5774984990695141e+01
      3220  8.0500000000005407e+00  1.0481205471440348e-01  1.5965092013145421e+01
      3230  8.0750000000005357e+00  1.0451591557919736e-01  1.6154562703327220e+01
      3240  8.1000000000005308e+00  1.0422045963097419e-01  1.6342601813739721e+01
      3250  8.1250000000005258e+00  1.0392627011299939e-01  1.6531923367429345e+01
      3260  8.1500000000005208e+00  1.0363410439093063e-01  1.6726795641242778e+01
      3270  8.1750000000005159e+00  1.0334455217264706e-01  1.6932133823440401e+01
      3280  8.2000000000005109e+00  1.0305757378827777e-01  1.7153453887430431e+01
      3290  8.2250000000005059e+00  1.0277217982408574e-01  1.7391651864243721e+01
      3300  8.2500000000005009e+00  1.0248749921739062e-01  1.7644753093737836e+01
      3310  8.2750000000004960e+00  1.0220353772352891e-01  1.7910165952911745e+01
      3320  8.3000000000004910e+00  1.0192102158968579e-01  1.8182884409448617e+01
      3330  8.3250000000004860e+00  1.0164004316113463e-01  1.8455949238299600e+01
      3340  8.3500000000004810e+00  1.0136007222762300e-01  1.8723265459072520e+01
      3350  8.3750000000004761e+00  1.0108442410683957e-01  1.8998280642947290e+01
      3360  8.4000000000004711e+00  1.0081701089012959e-01  1.9296014298927820e+01
      3370  8.4250000000004661e+00  1.0055734780551215e-01  1.9609776032373854e+01
      3380  8.4500000000004611e+00  1.0030251673637666e-01  1.9923529816998690e+01
      3390  8.4750000000004562e+00  1.0005148553640586e-01  2.0228944351820013e+01
      3400  8.5000000000004512e+00  9.9806432870764530e-02  2.0529520606965257e+01
      3410  8.5250000000004462e+00  9.9567053719932008e-02  2.0822714380603388e+01
      3420  8.5500000000004412e+00  9.9331194204018060e-02  2.1104231235389994e+01
      3430  8.5750000000004363e+00  9.9097610763224923e-02  2.1375390643206975e+01
      3440  8.6000000000004313e+00  9.8863219313166883e-02  2.1637250453016697e+01
      3450  8.6250000000004263e+00  9.8621951596814805e-02  2.1887167095326127e+01
      3460  8.6500000000004214e+00  9.8366952556596329e-02  2.2114781405948427e+01
      3470  8.6750000000004164e+00  9.8095222299771259e-02  2.2319349519354880e+01
      3480  8.7000000000004114e+00  9.7807714330938464e-02  2.2510808526375278e+01
      3490  8.7250000000004064e+00  9.7505434737765758e-02  2.2687907458533165e+01
      3500  8.7500000000004015e+00  9.7188299723590445e-02  2.2841884974286114e+01
      3510  8.7750000000003965e+00  9.6856251858439464e-02  2.2974131768476199e+01
      3520  8.8000000000003915e+00  9.6509070631445637e-02  2.3088246891006090e+01
      3530  8.8250000000003865e+00  9.6146773407251997e-02  2.3179173957469198e+01
      3540  8.8500000000003816e+00  9.5770287084682961e-02  2.3240939804218729e+01
      3550  8.8750000000003766e+00  9.5380154770038167e-02  2.3268534721416007e+01
      3560  8.9000000000003716e+00  9.4977392461860894e-02  2.3265246973862646e+01
      3570  8.9250000000003666e+00  9.4563495562403357e-02  2.3233895766573013e+01
      3580  8.9500000000003617e+00  9.4140067162716842e-02  2.3177428800716368e+01
      3590  8.9750000000003567e+00  9.3708751772913915e-02  2.3096523782801224e+01
      3600  9.0000000000003517e+00  9.3271635622974755e-02  2.2994335530555905e+01
      3610  9.0250000000003467e+00  9.2830217765267218e-02  2.2869813719004001e+01
      3620  9.0500000000003418e+00  9.2387003645098089e-02  2.2728085833363426e+01
      3630  9.0750000000003368e+00  9.1944230427347228e-02  2.2571236292513032e+01
      3640  9.1000000000003318e+00  9.1502948949298502e-02  2.2395264454138924e+01
      3650  9.1250000000003268e+00  9.1064406488532655e-02  2.2203835634297059e+01
      3660  9.1500000000003219e+00  9.0630049532391076e-02  2.2007536935098439e+01
      3670  9.1750000000003169e+00  9.0201133126578238e-02  2.1818040354919871e+01
      3680  9.2000000000003119e+00  8.9778260907506431e-02  2.1638346128140280e+01
      3690  9.2250000000003070e+00  8.9361199220881642e-02  2.1462249683713984e+01
      3700  9.2500000000003020e+00  8.8949589396886589e-02  2.1280528970434237e+01
      3710  9.2750000000002970e+00  8.8544235291648644e-02  2.1092766035317016e+01
      3720  9.3000000000002920e+00  8.8145850748614772e-02  2.0901009648566947e+01
      3730  9.3250000000002871e+00  8.7754255893218354e-02  2.0704861888450404e+01
      3740  9.3500000000002821e+00  8.7368681044868274e-02  2.0506410385002759e+01
      3750  9.3750000000002771e+00  8.6987960095065618e-02  2.0309461803884799e+01
      3760  9.4000000000002721e+00  8.6611270267646260e-02  2.0117346201245218e+01
      3770  9.4250000000002672e+00  8.6238547038866502e-02  1.9933719027261036e+01
      3780  9.4500000000002622e+00  8.5869199093234432e-02  1.9760587882082285e+01
      3790  9.4750000000002572e+00  8.5501269507851008e-02  1.9593796270037153e+01
      3800  9.5000000000002522e+00  8.5133361023394372e-02  1.9429952756907349e+01
      3810  9.5250000000002473e+00  8.4765798159448209e-02  1.9271058305325569e+01
      3820  9.5500000000002423e+00  8.4399839504707356e-02  1.9120565733479647e+01
      3830  9.5750000000002373e+00  8.4037004937605531e-02  1.8980803131745490e+01
      3840  9.6000000000002323e+00  8.3678494957651749e-02  1.8850692201596660e+01
      3850  9.6250000000002274e+00  8.3325385572844457e-02  1.8728102869806711e+01
      3860  9.6500000000002224e+00  8.2978836829788004e-02  1.8612765453833050e+01
      3870  9.6750000000002174e+00  8.2639411841192923e-02  1.8503945299048534e+01
      3880  9.7000000000002125e+00  8.2307085677129204e-02  1.8400756264591928e+01
      3890  9.7250000000002075e+00  8.1981539660768903e-02  1.8302761066750634e+01
      3900  9.7500000000002025e+00  8.1661850528040375e-02  1.8207873131367379e+01
      3910  9.7750000000001975e+00  8.1346976621708367e-02  1.8113406145377566e+01
      3920  9.8000000000001926e+00  8.1037182632885318e-02  1.8021817195759058e+01
      3930  9.8250000000001876e+00  8.0733637349517816e-02  1.7937115391574793e+01
      3940  9.8500000000001826e+00  8.0437294242156283e-02  1.7862572355265738e+01
      3950  9.8750000000001776e+00  8.0147817802940864e-02  1.7796888219675991e+01
      3960  9.9000000000001727e+00  7.9864185749887355e-02  1.7736830997149900e+01
      3970  9.9250000000001677e+00  7.9585533509313208e-02  1.7680496640456321e+01
      3980  9.9500000000001627e+00  7.9310592854340105e-02  1.7622886651970468e+01
      3990  9.9750000000001577e+00  7.9038443639680501e-02  1.7562460141106386e+01
      4000  1.0000000000000153e+01  7.8768952034568434e-02  1.7503209431801686e+01
