         0  0.0000000000000000e+00  1.2500000000000000e-01  3.7500000000000000e-01
        10  2.4999999999999998e-02  1.2481263649781543e-01  3.7446223940355627e-01
        20  5.0000000000000010e-02  1.2462552957711227e-01  3.7397358199091146e-01
        30  7.5000000000000025e-02  1.2443865482372689e-01  3.7353348747532749e-01
        40  1.0000000000000005e-01  1.2425198808918139e-01  3.7314144554745233e-01
        50  1.2500000000000006e-01  1.2406550547934393e-01  3.7279697478689433e-01
        60  1.5000000000000008e-01  1.2387918334473765e-01  3.7249962159418462e-01
        70  1.7500000000000010e-01  1.2369299827229071e-01  3.7224895913892856e-01
        80  2.0000000000000012e-01  1.2350692707830485e-01  3.7204458631974645e-01
        90  2.2500000000000014e-01  1.2332094680240447e-01  3.7188612673150219e-01
       100  2.5000000000000017e-01  1.2313503470221956e-01  3.7177322763535349e-01
       110  2.7500000000000019e-01  1.2294916824855999e-01  3.7170555892732890e-01
       120  3.0000000000000021e-01  1.2276332512084214e-01  3.7168281210140623e-01
       130  3.2500000000000023e-01  1.2257748320254450e-01  3.7170469920345795e-01
       140  3.5000000000000026e-01  1.2239162057648643e-01  3.7177095177289632e-01
       150  3.7500000000000028e-01  1.2220571551975051e-01  3.7188131976940071e-01
       160  4.0000000000000030e-01  1.2201974649809428e-01  3.7203557048269279e-01
       170  4.2500000000000032e-01  1.2183369215972962e-01  3.7223348742395063e-01
       180  4.5000000000000034e-01  1.2164753132837988e-01  3.7247486919808217e-01
       190  4.7500000000000037e-01  1.2146124299555821e-01  3.7275952835669435e-01
       200  5.0000000000000033e-01  1.2127480631204530e-01  3.7308729023219288e-01
       210  5.2499999999999980e-01  1.2108820057857483e-01  3.7345799175399133e-01
       220  5.4999999999999927e-01  1.2090140523576902e-01  3.7387148024831258e-01
       230  5.7499999999999873e-01  1.2071439985339263e-01  3.7432761222349303e-01
       240  5.9999999999999820e-01  1.2052716411901937e-01  3.7482625214306309e-01
       250  6.2499999999999767e-01  1.2033967782622983e-01  3.7536727118917408e-01
       260  6.4999999999999714e-01  1.2015192086247471e-01  3.7595054601914311e-01
       270  6.7499999999999660e-01  1.1996387319675428e-01  3.7657595751803567e-01
       280  6.9999999999999607e-01  1.1977551486727502e-01  3.7724338955026890e-01
       290  7.2499999999999554e-01  1.1958682596925235e-01  3.7795272771322418e-01
       300  7.4999999999999500e-01  1.1939778664302841e-01  3.7870385809579148e-01
       310  7.7499999999999447e-01  1.1920837706267809e-01  3.7949666604466922e-01
       320  7.9999999999999394e-01  1.1901857742526711e-01  3.8033103494107734e-01
       330  8.2499999999999341e-01  1.1882836794092481e-01  3.8120684499036630e-01
       340  8.4999999999999287e-01  1.1863772882387897e-01  3.8212397202677774e-01
       350  8.7499999999999234e-01  1.1844664028459393e-01  3.8308228633539954e-01
       360  8.9999999999999181e-01  1.1825508252313391e-01  3.8408165149310691e-01
       370  9.2499999999999127e-01  1.1806303572386346e-01  3.8512192323006349e-01
       380  9.4999999999999074e-01  1.1787048005157600e-01  3.8620294831312229e-01
       390  9.7499999999999021e-01  1.1767739564912807e-01  3.8732456345227009e-01
       400  9.9999999999998967e-01  1.1748376263663702e-01  3.8848659423107556e-01
       410  1.0249999999999893e+00  1.1728956111228344e-01  3.8968885406195284e-01
       420  1.0499999999999887e+00  1.1709477115474270e-01  3.9093114316693980e-01
       430  1.0749999999999882e+00  1.1689937282725187e-01  3.9221324758461250e-01
       440  1.0999999999999877e+00  1.1670334618330429e-01  3.9353493820372748e-01
       450  1.1249999999999871e+00  1.1650667127394715e-01  3.9489596982418973e-01
       460  1.1499999999999866e+00  1.1630932815664441e-01  3.9629608024599897e-01
       470  1.1749999999999861e+00  1.1611129690565454e-01  3.9773498938692574e-01
       480  1.1999999999999855e+00  1.1591255762386078e-01  3.9921239842980323e-01
       490  1.2249999999999850e+00  1.1571309045598093e-01  4.0072798900050046e-01
       500  1.2499999999999845e+00  1.1551287560307644e-01  4.0228142237785665e-01
       510  1.2749999999999839e+00  1.1531189333826990e-01  4.0387233873709417e-01
       520  1.2999999999999834e+00  1.1511012402357760e-01  4.0550035642850520e-01
       530  1.3249999999999829e+00  1.1490754812775477e-01  4.0716507129348551e-01
       540  1.3499999999999823e+00  1.1470414624505068e-01  4.0886605602029721e-01
       550  1.3749999999999818e+00  1.1449989911476422e-01  4.1060285954223766e-01
       560  1.3999999999999813e+00  1.1429478764149355e-01  4.1237500648120342e-01
       570  1.4249999999999807e+00  1.1408879291596665e-01  4.1418199663991157e-01
       580  1.4499999999999802e+00  1.1388189623634505e-01  4.1602330454632230e-01
       590  1.4749999999999797e+00  1.1367407912988923e-01  4.1789837905402752e-01
       600  1.4999999999999791e+00  1.1346532337487813e-01  4.1980664300257757e-01
       610  1.5249999999999786e+00  1.1325561102267556e-01  4.2174749294185864e-01
       620  1.5499999999999781e+00  1.1304492441983938e-01  4.2372029892472837e-01
       630  1.5749999999999775e+00  1.1283324623017124e-01  4.2572440437214041e-01
       640  1.5999999999999770e+00  1.1262055945660758e-01  4.2775912601494510e-01
       650  1.6249999999999765e+00  1.1240684746285695e-01  4.2982375391643188e-01
       660  1.6499999999999759e+00  1.1219209399469033e-01  4.3191755157947420e-01
       670  1.6749999999999754e+00  1.1197628320079633e-01  4.3403975614185231e-01
       680  1.6999999999999749e+00  1.1175939965311647e-01  4.3618957866295675e-01
       690  1.7249999999999743e+00  1.1154142836657859e-01  4.3836620450461347e-01
       700  1.7499999999999738e+00  1.1132235481815349e-01  4.4056879380824562e-01
       710  1.7749999999999733e+00  1.1110216496515986e-01  4.4279648206995338e-01
       720  1.7999999999999727e+00  1.1088084526275129e-01  4.4504838081442587e-01
       730  1.8249999999999722e+00  1.1065838268052041e-01  4.4732357836783980e-01
       740  1.8499999999999717e+00  1.1043476471816194e-01  4.4962114072910790e-01
       750  1.8749999999999711e+00  1.1020997942013997e-01  4.5194011253800103e-01
       760  1.8999999999999706e+00  1.0998401538931077e-01  4.5427951813780644e-01
       770  1.9249999999999701e+00  1.0975686179945687e-01  4.5663836272931114e-01
       780  1.9499999999999695e+00  1.0952850840669408e-01  4.5901563361202842e-01
       790  1.9749999999999690e+00  1.0929894555971748e-01  4.6141030150773525e-01
       800  1.9999999999999685e+00  1.0906816420886045e-01  4.6382132196057530e-01
       810  2.0249999999999679e+00  1.0883615591394332e-01  4.6624763680720761e-01
       820  2.0499999999999674e+00  1.0860291285089714e-01  4.6868817570978353e-01
       830  2.0749999999999669e+00  1.0836842781715206e-01  4.7114185774389977e-01
       840  2.0999999999999663e+00  1.0813269423578739e-01  4.7360759303313608e-01
       850  2.1249999999999658e+00  1.0789570615844372e-01  4.7608428442132944e-01
       860  2.1499999999999653e+00  1.0765745826700882e-01  4.7857082917340650e-01
       870  2.1749999999999647e+00  1.0741794587408856e-01  4.8106612069534140e-01
       880  2.1999999999999642e+00  1.0717716492228454e-01  4.8356905026368607e-01
       890  2.2249999999999637e+00  1.0693511198230439e-01  4.8607850875510683e-01
       900  2.2499999999999631e+00  1.0669178424993576e-01  4.8859338836644642e-01
       910  2.2749999999999626e+00  1.0644717954192113e-01  4.9111258431603444e-01
       920  2.2999999999999621e+00  1.0620129629077396e-01  4.9363499651726438e-01
       930  2.3249999999999615e+00  1.0595413353858368e-01  4.9615953121585339e-01
       940  2.3499999999999610e+00  1.0570569092985831e-01  4.9868510258267032e-01
       950  2.3749999999999605e+00  1.0545596870345895e-01  5.0121063425457404e-01
       960  2.3999999999999599e+00  1.0520496768368377e-01  5.0373506081632115e-01
       970  2.4249999999999594e+00  1.0495268927056001e-01  5.0625732921726497e-01
       980  2.4499999999999589e+00  1.0469913542940638e-01  5.0877640011728305e-01
       990  2.4749999999999583e+00  1.0444430867972984e-01  5.1129124915711238e-01
      1000  2.4999999999999578e+00  1.0418821208352030e-01  5.1380086814902050e-01
      1010  2.5249999999999573e+00  1.0393084923300929e-01  5.1630426618451760e-01
      1020  2.5499999999999567e+00  1.0367222423795653e-01  5.1880047065656620e-01
      1030  2.5749999999999562e+00  1.0341234171253069e-01  5.2128852819450412e-01
      1040  2.5999999999999557e+00  1.0315120676184683e-01  5.2376750551061612e-01
      1050  2.6249999999999551e+00  1.0288882496822413e-01  5.2623649015799512e-01
      1060  2.6499999999999546e+00  1.0262520237722266e-01  5.2869459119998430e-01
      1070  2.6749999999999541e+00  1.0236034548351987e-01  5.3114093979212772e-01
      1080  2.6999999999999535e+00  1.0209426121668046e-01  5.3357468967811301e-01
      1090  2.7249999999999530e+00  1.0182695692687478e-01  5.3599501760172736e-01
      1100  2.7499999999999525e+00  1.0155844037059423e-01  5.3840112363730937e-01
      1110  2.7749999999999519e+00  1.0128871969641109e-01  5.4079223144159968e-01
      1120  2.7999999999999514e+00  1.0101780343082592e-01  5.4316758843025362e-01
      1130  2.8249999999999509e+00  1.0074570046424231e-01  5.4552646588258723e-01
      1140  2.8499999999999504e+00  1.0047242003710577e-01  5.4786815897838109e-01
      1150  2.8749999999999498e+00  1.0019797172623726e-01  5.5019198677075844e-01
      1160  2.8999999999999493e+00  9.9922365431393093e-02  5.5249729209931915e-01
      1170  2.9249999999999488e+00  9.9645611362073812e-02  5.5478344144779415e-01
      1180  2.9499999999999482e+00  9.9367720024605409e-02  5.5704982475055111e-01
      1190  2.9749999999999477e+00  9.9088702209510542e-02  5.5929585515228996e-01
      1200  2.9999999999999472e+00  9.8808568979184698e-02  5.6152096872523681e-01
      1210  3.0249999999999466e+00  9.8527331655888986e-02  5.6372462414807997e-01
      1220  3.0499999999999461e+00  9.8245001810069381e-02  5.6590630235079639e-01
      1230  3.0749999999999456e+00  9.7961591249007003e-02  5.6806550612937841e-01
      1240  3.0999999999999450e+00  9.7677112005804242e-02  5.7020175973432158e-01
      1250  3.1249999999999445e+00  9.7391576328707120e-02  5.7231460843654802e-01
      1260  3.1499999999999440e+00  9.7104996670763439e-02  5.7440361807423933e-01
      1270  3.1749999999999434e+00  9.6817385679813088e-02  5.7646837458382941e-01
      1280  3.1999999999999429e+00  9.6528756188806879e-02  5.7850848351817599e-01
      1290  3.2249999999999424e+00  9.6239121206446960e-02  5.8052356955467763e-01
      1300  3.2499999999999418e+00  9.5948493908141785e-02  5.8251327599584506e-01
      1310  3.2749999999999413e+00  9.5656887627267719e-02  5.8447726426457632e-01
      1320  3.2999999999999408e+00  9.5364315846727517e-02  5.8641521339610939e-01
      1330  3.3249999999999402e+00  9.5070792190796025e-02  5.8832681952836109e-01
      1340  3.3499999999999397e+00  9.4776330417244052e-02  5.9021179539209234e-01
      1350  3.3749999999999392e+00  9.4480944409728219e-02  5.9206986980206554e-01
      1360  3.3999999999999386e+00  9.4184648170438288e-02  5.9390078715011197e-01
      1370  3.4249999999999381e+00  9.3887455812990263e-02  5.9570430690076218e-01
      1380  3.4499999999999376e+00  9.3589381555556948e-02  5.9748020308986074e-01
      1390  3.4749999999999370e+00  9.3290439714224530e-02  5.9922826382634258e-01
      1400  3.4999999999999365e+00  9.2990644696568952e-02  6.0094829079714908e-01
      1410  3.5249999999999360e+00  9.2690010995441071e-02  6.0264009877504133e-01
      1420  3.5499999999999354e+00  9.2388553182955907e-02  6.0430351512890465e-01
      1430  3.5749999999999349e+00  9.2086285904677728e-02  6.0593837933595914e-01
      1440  3.5999999999999344e+00  9.1783223873996836e-02  6.0754454249516248e-01
      1450  3.6249999999999338e+00  9.1479381866693237e-02  6.0912186684096653e-01
      1460  3.6499999999999333e+00  9.1174774715683960e-02  6.1067022525649672e-01
      1470  3.6749999999999328e+00  9.0869417305952420e-02  6.1218950078516374e-01
      1480  3.6999999999999322e+00  9.0563324569658701e-02  6.1367958613967131e-01
      1490  3.7249999999999317e+00  9.0256511481431245e-02  6.1514038320738333e-01
      1500  3.7499999999999312e+00  8.9948993053841457e-02  6.1657180255103399e-01
      1510  3.7749999999999306e+00  8.9640784333064528e-02  6.1797376290382338e-01
      1520  3.7999999999999301e+00  8.9331900394728982e-02  6.1934619065802172e-01
      1530  3.8249999999999296e+00  8.9022356339961330e-02  6.2068901934633781e-01
      1540  3.8499999999999290e+00  8.8712167291630700e-02  6.2200218911545212e-01
      1550  3.8749999999999285e+00  8.8401348390800653e-02  6.2328564619130549e-01
      1560  3.8999999999999280e+00  8.8089914793395066e-02  6.2453934233594556e-01
      1570  3.9249999999999274e+00  8.7777881667086563e-02  6.2576323429598252e-01
      1580  3.9499999999999269e+00  8.7465264188416201e-02  6.2695728324297274e-01
      1590  3.9749999999999264e+00  8.7152077540152286e-02  6.2812145420633685e-01
      1600  3.9999999999999258e+00  8.6838336908897618e-02  6.2925571549972995e-01
      1610  4.0249999999999293e+00  8.6524057482954875e-02  6.3036003814210702e-01
      1620  4.0499999999999332e+00  8.6209254450456639e-02  6.3143439527504083e-01
      1630  4.0749999999999371e+00  8.5893942997769779e-02  6.3247876157819062e-01
      1640  4.0999999999999410e+00  8.5578138308180525e-02  6.3349311268513203e-01
      1650  4.1249999999999449e+00  8.5261855560866501e-02  6.3447742460207043e-01
      1660  4.1499999999999488e+00  8.4945109930161655e-02  6.3543167313224882e-01
      1670  4.1749999999999527e+00  8.4627916585116259e-02  6.3635583330911509e-01
      1680  4.1999999999999567e+00  8.4310290689356958e-02  6.3724987884155367e-01
      1690  4.2249999999999606e+00  8.3992247401244273e-02  6.3811378157465713e-01
      1700  4.2499999999999645e+00  8.3673801874328781e-02  6.3894751096967037e-01
      1710  4.2749999999999684e+00  8.3354969258101745e-02  6.3975103360682512e-01
      1720  4.2999999999999723e+00  8.3035764699034887e-02  6.4052431271481997e-01
      1730  4.3249999999999762e+00  8.2716203341901837e-02  6.4126730773068801e-01
      1740  4.3499999999999801e+00  8.2396300331371970e-02  6.4197997389371802e-01
      1750  4.3749999999999840e+00  8.2076070813864146e-02  6.4266226187696079e-01
      1760  4.3999999999999879e+00  8.1755529939646772e-02  6.4331411745966814e-01
      1770  4.4249999999999918e+00  8.1434692865167512e-02  6.4393548124376358e-01
      1780  4.4499999999999957e+00  8.1113574755594195e-02  6.4452628841715560e-01
      1790  4.4749999999999996e+00  8.0792190787547129e-02  6.4508646856636281e-01
      1800  4.5000000000000036e+00  8.0470556151999801e-02  6.4561594554054178e-01
      1810  4.5250000000000075e+00  8.0148686057324469e-02  6.4611463736859252e-01
      1820  4.5500000000000114e+00  7.9826595732456977e-02  6.4658245623057955e-01
      1830  4.5750000000000153e+00  7.9504300430154757e-02  6.4701930848424666e-01
      1840  4.6000000000000192e+00  7.9181815430318438e-02  6.4742509474692315e-01
      1850  4.6250000000000231e+00  7.8859156043350409e-02  6.4779971003265611e-01
      1860  4.6500000000000270e+00  7.8536337613519309e-02  6.4814304394392034e-01
      1870  4.6750000000000309e+00  7.8213375522301961e-02  6.4845498091680101e-01
      1880  4.7000000000000348e+00  7.7890285191671367e-02  6.4873540051809486e-01
      1890  4.7250000000000387e+00  7.7567082087303261e-02  6.4898417779236502e-01
      1900  4.7500000000000426e+00  7.7243781721669539e-02  6.4920118365658228e-01
      1910  4.7750000000000465e+00  7.6920399656991362e-02  6.4938628533963832e-01
      1920  4.8000000000000504e+00  7.6596951508023586e-02  6.4953934686369557e-01
      1930  4.8250000000000544e+00  7.6273452944643487e-02  6.4966022956406084e-01
      1940  4.8500000000000583e+00  7.5949919694218500e-02  6.4974879264403895e-01
      1950  4.8750000000000622e+00  7.5626367543728847e-02  6.4980489376103411e-01
      1960  4.9000000000000661e+00  7.5302812341622552e-02  6.4982838964002220e-01
      1970  4.9250000000000700e+00  7.4979269999381683e-02  6.4981913671041730e-01
      1980  4.9500000000000739e+00  7.4655756492781726e-02  6.4977699176230648e-01
      1990  4.9750000000000778e+00  7.4332287862826499e-02  6.4970181261800251e-01
      2000  5.0000000000000817e+00  7.4008880216344417e-02  6.4959345881490131e-01
      2010  5.0250000000000856e+00  7.3685549726233124e-02  6.4945179229568234e-01
      2020  5.0500000000000895e+00  7.3362312631342242e-02  6.4927667810198999e-01
      2030  5.0750000000000934e+00  7.3039185235986195e-02  6.4906798506785628e-01
      2040  5.1000000000000973e+00  7.2716183909080072e-02  6.4882558650927293e-01
      2050  5.1250000000001013e+00  7.2393325082896828e-02  6.4854936090650115e-01
      2060  5.1500000000001052e+00  7.2070625251441881e-02  6.4823919257588362e-01
      2070  5.1750000000001091e+00  7.1748100968447280e-02  6.4789497232814339e-01
      2080  5.2000000000001130e+00  7.1425768844987454e-02  6.4751659811036372e-01
      2090  5.2250000000001169e+00  7.1103645546720907e-02  6.4710397562906739e-01
      2100  5.2500000000001208e+00  7.0781747790764540e-02  6.4665701895204796e-01
      2110  5.2750000000001247e+00  7.0460092342208925e-02  6.4617565108683789e-01
      2120  5.3000000000001286e+00  7.0138696010284477e-02  6.4565980453392999e-01
      2130  5.3250000000001325e+00  6.9817575644189701e-02  6.4510942181309873e-01
      2140  5.3500000000001364e+00  6.9496748128594460e-02  6.4452445596139530e-01
      2150  5.3750000000001403e+00  6.9176230378832951e-02  6.4390487100161237e-01
      2160  5.4000000000001442e+00  6.8856039335800750e-02  6.4325064238022211e-01
      2170  5.4250000000001481e+00  6.8536191960573123e-02  6.4256175737400118e-01
      2180  5.4500000000001521e+00  6.8216705228761399e-02  6.4183821546474775e-01
      2190  5.4750000000001560e+00  6.7897596124624887e-02  6.4108002868167822e-01
      2200  5.5000000000001599e+00  6.7578881634957584e-02  6.4028722191126904e-01
      2210  5.5250000000001638e+00  6.7260578742767747e-02  6.3945983317446540e-01
      2220  5.5500000000001677e+00  6.6942704420769804e-02  6.3859791387132927e-01
      2230  5.5750000000001716e+00  6.6625275624707951e-02  6.3770152899333962e-01
      2240  5.6000000000001755e+00  6.6308309286530520e-02  6.3677075730367644e-01
      2250  5.6250000000001794e+00  6.5991822307434533e-02  6.3580569148593844e-01
      2260  5.6500000000001833e+00  6.5675831550799235e-02  6.3480643826184024e-01
      2270  5.6750000000001872e+00  6.5360353835027926e-02  6.3377311847852726e-01
      2280  5.7000000000001911e+00  6.5045405926315758e-02  6.3270586716621857e-01
      2290  5.7250000000001950e+00  6.4731004531361826e-02  6.3160483356695628e-01
      2300  5.7500000000001990e+00  6.4417166290043031e-02  6.3047018113529411e-01
      2310  5.7750000000002029e+00  6.4103907768066408e-02  6.2930208751180007e-01
      2320  5.8000000000002068e+00  6.3791245449616272e-02  6.2810074447028430e-01
      2330  5.8250000000002107e+00  6.3479195730011733e-02  6.2686635783968649e-01
      2340  5.8500000000002146e+00  6.3167774908389480e-02  6.2559914740157516e-01
      2350  5.8750000000002185e+00  6.2856999180426304e-02  6.2429934676422117e-01
      2360  5.9000000000002224e+00  6.2546884631114665e-02  6.2296720321420734e-01
      2370  5.9250000000002263e+00  6.2237447227604367e-02  6.2160297754653700e-01
      2380  5.9500000000002302e+00  6.1928702812122659e-02  6.2020694387419428e-01
      2390  5.9750000000002341e+00  6.1620667094984122e-02  6.1877938941809497e-01
      2400  6.0000000000002380e+00  6.1313355647701252e-02  6.1732061427835589e-01
      2410  6.0250000000002419e+00  6.1006783896206526e-02  6.1583093118779233e-01
      2420  6.0500000000002458e+00  6.0700967114195180e-02  6.1431066524853097e-01
      2430  6.0750000000002498e+00  6.0395920416597979e-02  6.1276015365261150e-01
      2440  6.1000000000002537e+00  6.0091658753192865e-02  6.1117974538742891e-01
      2450  6.1250000000002576e+00  5.9788196902363511e-02  6.0956980092685038e-01
      2460  6.1500000000002615e+00  5.9485549465012319e-02  6.0793069190882367e-01
      2470  6.1750000000002654e+00  5.9183730858635446e-02  6.0626280080028031e-01
      2480  6.2000000000002693e+00  5.8882755311566287e-02  6.0456652055012140e-01
      2490  6.2250000000002732e+00  5.8582636857394032e-02  6.0284225423106540e-01
      2500  6.2500000000002771e+00  5.8283389329563450e-02  6.0109041467112802e-01
      2510  6.2750000000002810e+00  5.7985026356161164e-02  5.9931142407549875e-01
      2520  6.3000000000002849e+00  5.7687561354894094e-02  5.9750571363957468e-01
      2530  6.3250000000002888e+00  5.7391007528264908e-02  5.9567372315391210e-01
      2540  6.3500000000002927e+00  5.7095377858948844e-02  5.9381590060185710e-01
      2550  6.3750000000002967e+00  5.6800685105376679e-02  5.9193270175061817e-01
      2560  6.4000000000003006e+00  5.6506941797527057e-02  5.9002458973654701e-01
      2570  6.4250000000003045e+00  5.6214160232932399e-02  5.8809203464540122e-01
      2580  6.4500000000003084e+00  5.5922352472901039e-02  5.8613551308836596e-01
      2590  6.4750000000003123e+00  5.5631530338958947e-02  5.8415550777461619e-01
      2600  6.5000000000003162e+00  5.5341705409513083e-02  5.8215250708120790e-01
      2610  6.5250000000003201e+00  5.5052889016738452e-02  5.8012700462108817e-01
      2620  6.5500000000003240e+00  5.4765092243691053e-02  5.7807949881002124e-01
      2630  6.5750000000003279e+00  5.4478325921647428e-02  5.7601049243322202e-01
      2640  6.6000000000003318e+00  5.4192600627671876e-02  5.7392049221249303e-01
      2650  6.6250000000003357e+00  5.3907926682412059e-02  5.7181000837465588e-01
      2660  6.6500000000003396e+00  5.3624314148122784e-02  5.6967955422206074e-01
      2670  6.6750000000003435e+00  5.3341772826917337e-02  5.6752964570594896e-01
      2680  6.7000000000003475e+00  5.3060312259246116e-02  5.6536080100343399e-01
      2690  6.7250000000003514e+00  5.2779941722601029e-02  5.6317354009884945e-01
      2700  6.7500000000003553e+00  5.2500670230443632e-02  5.6096838437019364e-01
      2710  6.7750000000003592e+00  5.2222506531355690e-02  5.5874585618138242e-01
      2720  6.8000000000003631e+00  5.1945459108408707e-02  5.5650647848099384e-01
      2730  6.8250000000003670e+00  5.1669536178750265e-02  5.5425077440816492e-01
      2740  6.8500000000003709e+00  5.1394745693403423e-02  5.5197926690626846e-01
      2750  6.8750000000003748e+00  5.1121095337275277e-02  5.4969247834496506e-01
      2760  6.9000000000003787e+00  5.0848592529371254e-02  5.4739093015119545e-01
      2770  6.9250000000003826e+00  5.0577244423209746e-02  5.4507514244963282e-01
      2780  6.9500000000003865e+00  5.0307057907433247e-02  5.4274563371308703e-01
      2790  6.9750000000003904e+00  5.0038039606610054e-02  5.4040292042330176e-01
      2800  7.0000000000003944e+00  4.9770195882221646e-02  5.3804751674255223e-01
      2810  7.0250000000003983e+00  4.9503532833829842e-02  5.3567993419640521e-01
      2820  7.0500000000004022e+00  4.9238056300417921e-02  5.3330068136795965e-01
      2830  7.0750000000004061e+00  4.8973771861899420e-02  5.3091026360384552e-01
      2840  7.1000000000004100e+00  4.8710684840788588e-02  5.2850918273221289e-01
      2850  7.1250000000004139e+00  4.8448800304025517e-02  5.2609793679290043e-01
      2860  7.1500000000004178e+00  4.8188123064949786e-02  5.2367701977993084e-01
      2870  7.1750000000004217e+00  4.7928657685415542e-02  5.2124692139643790e-01
      2880  7.2000000000004256e+00  4.7670408478041492e-02  5.1880812682209020e-01
      2890  7.2250000000004295e+00  4.7413379508588453e-02  5.1636111649303384e-01
      2900  7.2500000000004334e+00  4.7157574598458164e-02  5.1390636589434284e-01
      2910  7.2750000000004373e+00  4.6902997327305676e-02  5.1144434536492269e-01
      2920  7.3000000000004412e+00  4.6649651035759231e-02  5.0897551991478551e-01
      2930  7.3250000000004452e+00  4.6397538828239959e-02  5.0650034905457277e-01
      2940  7.3500000000004491e+00  4.6146663575875160e-02  5.0401928663717801e-01
      2950  7.3750000000004530e+00  4.5897027919498076e-02  5.0153278071128698e-01
      2960  7.4000000000004569e+00  4.5648634272727613e-02  4.9904127338662823e-01
      2970  7.4250000000004608e+00  4.5401484825121670e-02  4.9654520071070215e-01
      2980  7.4500000000004647e+00  4.5155581545397282e-02  4.9404499255673103e-01
      2990  7.4750000000004686e+00  4.4910926184711776e-02  4.9154107252255304e-01
      3000  7.5000000000004725e+00  4.4667520279998570e-02  4.8903385784016648e-01
      3010  7.5250000000004764e+00  4.4425365157351740e-02  4.8652375929560920e-01
      3020  7.5500000000004803e+00  4.4184461935453843e-02  4.8401118115884936e-01
      3030  7.5750000000004842e+00  4.3944811529041121e-02  4.8149652112334595e-01
      3040  7.6000000000004881e+00  4.3706414652401136e-02  4.7898017025493206e-01
      3050  7.6250000000004921e+00  4.3469271822897381e-02  4.7646251294966116e-01
      3060  7.6500000000004960e+00  4.3233383364516217e-02  4.7394392690025409e-01
      3070  7.6750000000004999e+00  4.2998749411431404e-02  4.7142478307077757e-01
      3080  7.7000000000005038e+00  4.2765369911581471e-02  4.6890544567918119e-01
      3090  7.7250000000005077e+00  4.2533244630256192e-02  4.6638627218732320e-01
      3100  7.7500000000005116e+00  4.2302373153687666e-02  4.6386761329810981e-01
      3110  7.7750000000005155e+00  4.2072754892642430e-02  4.6134981295937889e-01
      3120  7.8000000000005194e+00  4.1844389086010917e-02  4.5883320837416032e-01
      3130  7.8250000000005233e+00  4.1617274804390997e-02  4.5631813001695018e-01
      3140  7.8500000000005272e+00  4.1391410953662205e-02  4.5380490165564056e-01
      3150  7.8750000000005311e+00  4.1166796278547927e-02  4.5129384037875472e-01
      3160  7.9000000000005350e+00  4.0943429366162605e-02  4.4878525662764392e-01
      3170  7.9250000000005389e+00  4.0721308649541438e-02  4.4627945423331078e-01
      3180  7.9500000000005429e+00  4.0500432411150197e-02  4.4377673045753313e-01
      3190  7.9750000000005468e+00  4.0280798786372861e-02  4.4127737603797119e-01
      3200  8.0000000000005507e+00  4.0062405766975172e-02  4.3878167523695410e-01
      3210  8.0250000000005457e+00  3.9845251204542098e-02  4.3628990589364774e-01
      3220  8.0500000000005407e+00  3.9629332813887490e-02  4.3380233947932101e-01
      3230  8.0750000000005357e+00  3.9414648176434541e-02  4.3131924115543716e-01
      3240  8.1000000000005308e+00  3.9201194743565228e-02  4.2884086983430820e-01
      3250  8.1250000000005258e+00  3.8988969839937979e-02  4.2636747824206320e-01
      3260  8.1500000000005208e+00  3.8777970666771773e-02  4.2389931298369101e-01
      3270  8.1750000000005159e+00  3.8568194305096167e-02  4.2143661460993228e-01
      3280  8.2000000000005109e+00  3.8359637718965912e-02  4.1897961768580510e-01
      3290  8.2250000000005059e+00  3.8152297758639498e-02  4.1652855086056079e-01
      3300  8.2500000000005009e+00  3.7946171163720838e-02  4.1408363693887859e-01
      3310  8.2750000000004960e+00  3.7741254566263404e-02  4.1164509295311782e-01
      3320  8.3000000000004910e+00  3.7537544493836236e-02  4.0921313023645814e-01
      3330  8.3250000000004860e+00  3.7335037372551271e-02  4.0678795449676827e-01
      3340  8.3500000000004810e+00  3.7133729530051673e-02  4.0436976589105541e-01
      3350  8.3750000000004761e+00  3.6933617198460583e-02  4.0195875910035503e-01
      3360  8.4000000000004711e+00  3.6734696517290152e-02  3.9955512340493419e-01
      3370  8.4250000000004661e+00  3.6536963536310428e-02  3.9715904275968677e-01
      3380  8.4500000000004611e+00  3.6340414218378103e-02  3.9477069586961228e-01
      3390  8.4750000000004562e+00  3.6145044442224482e-02  3.9239025626527348e-01
      3400  8.5000000000004512e+00  3.5950850005203140e-02  3.9001789237814269e-01
      3410  8.5250000000004462e+00  3.5757826625996609e-02  3.8765376761574818e-01
      3420  8.5500000000004412e+00  3.5565969947282350e-02  3.8529804043654390e-01
      3430  8.5750000000004363e+00  3.5375275538357767e-02  3.8295086442443109e-01
      3440  8.6000000000004313e+00  3.5185738897724379e-02  3.8061238836286753e-01
      3450  8.6250000000004263e+00  3.4997355455631101e-02  3.7828275630850694e-01
      3460  8.6500000000004214e+00  3.4810120576576564e-02  3.7596210766431580e-01
      3470  8.6750000000004164e+00  3.4624029561770631e-02  3.7365057725212214e-01
      3480  8.7000000000004114e+00  3.4439077651555121e-02  3.7134829538455541e-01
      3490  8.7250000000004064e+00  3.4255260027783860e-02  3.6905538793634163e-01
      3500  8.7500000000004015e+00  3.4072571816162019e-02  3.6677197641492235e-01
      3510  8.7750000000003965e+00  3.3891008088544991e-02  3.6449817803037101e-01
      3520  8.8000000000003915e+00  3.3710563865196873e-02  3.6223410576458457e-01
      3530  8.8250000000003865e+00  3.3531234117008721e-02  3.5997986843973092e-01
      3540  8.8500000000003816e+00  3.3353013767676550e-02  3.5773557078593680e-01
      3550  8.8750000000003766e+00  3.3175897695839548e-02  3.5550131350820515e-01
      3560  8.9000000000003716e+00  3.2999880737178383e-02  3.5327719335255223e-01
      3570  8.9250000000003666e+00  3.2824957686474066e-02  3.5106330317135883e-01
      3580  8.9500000000003617e+00  3.2651123299627159e-02  3.4885973198793126e-01
      3590  8.9750000000003567e+00  3.2478372295638070e-02  3.4666656506027282e-01
      3600  9.0000000000003517e+00  3.2306699358548209e-02  3.4448388394406494e-01
      3610  9.0250000000003467e+00  3.2136099139342531e-02  3.4231176655486200e-01
      3620  9.0500000000003418e+00  3.1966566257813484e-02  3.4015028722950480e-01
      3630  9.0750000000003368e+00  3.1798095304386840e-02  3.3799951678675899e-01
      3640  9.1000000000003318e+00  3.1630680841909561e-02  3.3585952258718667e-01
      3650  9.1250000000003268e+00  3.1464317407399962e-02  3.3373036859226044e-01
      3660  9.1500000000003219e+00  3.1298999513760625e-02  3.3161211542273087e-01
      3670  9.1750000000003169e+00  3.1134721651454162e-02  3.2950482041625899e-01
      3680  9.2000000000003119e+00  3.0971478290142345e-02  3.2740853768432604e-01
      3690  9.2250000000003070e+00  3.0809263880288894e-02  3.2532331816843503e-01
      3700  9.2500000000003020e+00  3.0648072854726151e-02  3.2324920969561727e-01
      3710  9.2750000000002970e+00  3.0487899630186128e-02  3.2118625703325946e-01
      3720  9.3000000000002920e+00  3.0328738608796365e-02  3.1913450194326666e-01
      3730  9.3250000000002871e+00  3.0170584179540828e-02  3.1709398323557701e-01
      3740  9.3500000000002821e+00  3.0013430719686302e-02  3.1506473682104407e-01
      3750  9.3750000000002771e+00  2.9857272596174745e-02  3.1304679576370359e-01
      3760  9.4000000000002721e+00  2.9702104166982056e-02  3.1104019033244189e-01
      3770  9.4250000000002672e+00  2.9547919782443457e-02  3.0904494805208091e-01
      3780  9.4500000000002622e+00  2.9394713786546242e-02  3.0706109375389895e-01
      3790  9.4750000000002572e+00  2.9242480518190189e-02  3.0508864962560227e-01
      3800  9.5000000000002522e+00  2.9091214312415971e-02  3.0312763526076462e-01
      3810  9.5250000000002473e+00  2.8940909501602304e-02  3.0117806770775160e-01
      3820  9.5500000000002423e+00  2.8791560416632097e-02  2.9923996151814552e-01
      3830  9.5750000000002373e+00  2.8643161388028175e-02  2.9731332879468743e-01
      3840  9.6000000000002323e+00  2.8495706747058984e-02  2.9539817923875121e-01
      3850  9.6250000000002274e+00  2.8349190826814921e-02  2.9349452019736595e-01
      3860  9.6500000000002224e+00  2.8203607963255508e-02  2.9160235670980015e-01
      3870  9.6750000000002174e+00  2.8058952496228192e-02  2.8972169155372349e-01
      3880  9.7000000000002125e+00  2.7915218770459136e-02  2.8785252529095885e-01
      3890  9.7250000000002075e+00  2.7772401136516452e-02  2.8599485631283916e-01
      3900  9.7500000000002025e+00  2.7630493951746447e-02  2.8414868088517979e-01
      3910  9.7750000000001975e+00  2.7489491581183333e-02  2.8231399319288036e-01
      3920  9.8000000000001926e+00  2.7349388398432951e-02  2.8049078538416644e-01
      3930  9.8250000000001876e+00  2.7210178786530915e-02  2.7867904761448149e-01
      3940  9.8500000000001826e+00  2.7071857138775844e-02  2.7687876809004000e-01
      3950  9.8750000000001776e+00  2.6934417859537839e-02  2.7508993311104951e-01
      3960  9.9000000000001727e+00  2.6797855365042958e-02  2.7331252711461071e-01
      3970  9.9250000000001677e+00  2.6662164084134241e-02  2.7154653271730377e-01
      3980  9.9500000000001627e+00  2.6527338459009277e-02  2.6979193075746576e-01
      3990  9.9750000000001577e+00  2.6393372945935419e-02  2.6804870033716732e-01
      4000  1.0000000000000153e+01  2.6260262015942587e-02  2.6631681886389176e-01
