         0  0.0000000000000000e+00  1.2500000000000000e-01  3.7500000000000000e-01
        10  2.4999999999999998e-02  1.2498828154506588e-01  3.7498925451311256e-01
        20  5.0000000000000010e-02  1.2497656266336566e-01  3.7502732000235854e-01
        30  7.5000000000000025e-02  1.2496484183065642e-01  3.7511420140333259e-01
        40  1.0000000000000005e-01  1.2495311752528769e-01  3.7524993128231563e-01
        50  1.2500000000000006e-01  1.2494138823090047e-01  3.7543456977662701e-01
        60  1.5000000000000008e-01  1.2492965244039365e-01  3.7566820453655133e-01
        70  1.7500000000000010e-01  1.2491790866099248e-01  3.7595095066627858e-01
        80  2.0000000000000012e-01  1.2490615542023162e-01  3.7628295066081953e-01
        90  2.2500000000000014e-01  1.2489439127262573e-01  3.7666437433543432e-01
       100  2.5000000000000017e-01  1.2488261480678516e-01  3.7709541874387034e-01
       110  2.7500000000000019e-01  1.2487082465271610e-01  3.7757630808157222e-01
       120  3.0000000000000021e-01  1.2485901948903577e-01  3.7810729357004732e-01
       130  3.2500000000000023e-01  1.2484719804983370e-01  3.7868865331873000e-01
       140  3.5000000000000026e-01  1.2483535913091653e-01  3.7932069216097999e-01
       150  3.7500000000000028e-01  1.2482350159518868e-01  3.8000374146126470e-01
       160  4.0000000000000030e-01  1.2481162437693999e-01  3.8073815889108778e-01
       170  4.2500000000000032e-01  1.2479972648483838e-01  3.8152432817182627e-01
       180  4.5000000000000034e-01  1.2478780700345728e-01  3.8236265878330650e-01
       190  4.7500000000000037e-01  1.2477586509320018e-01  3.8325358563764515e-01
       200  5.0000000000000033e-01  1.2476389998852391e-01  3.8419756871860751e-01
       210  5.2499999999999980e-01  1.2475191099440158e-01  3.8519509268745539e-01
       220  5.4999999999999927e-01  1.2473989748100280e-01  3.8624666645693668e-01
       230  5.7499999999999873e-01  1.2472785887661297e-01  3.8735282273573608e-01
       240  5.9999999999999820e-01  1.2471579465884787e-01  3.8851411754628190e-01
       250  6.2499999999999767e-01  1.2470370434425551e-01  3.8973112971932313e-01
       260  6.4999999999999714e-01  1.2469158747643373e-01  3.9100446036913343e-01
       270  6.7499999999999660e-01  1.2467944361281572e-01  3.9233473235352508e-01
       280  6.9999999999999607e-01  1.2466727231030608e-01  3.9372258972311711e-01
       290  7.2499999999999554e-01  1.2465507310996744e-01  3.9516869716444144e-01
       300  7.4999999999999500e-01  1.2464284552097395e-01  3.9667373944152304e-01
       310  7.7499999999999447e-01  1.2463058900406083e-01  3.9823842084053232e-01
       320  7.9999999999999394e-01  1.2461830295470397e-01  3.9986346462197269e-01
       330  8.2499999999999341e-01  1.2460598668626529e-01  4.0154961248465173e-01
       340  8.4999999999999287e-01  1.2459363941333825e-01  4.0329762404540259e-01
       350  8.7499999999999234e-01  1.2458126023551899e-01  4.0510827633816252e-01
       360  8.9999999999999181e-01  1.2456884812181982e-01  4.0698236333561528e-01
       370  9.2499999999999127e-01  1.2455640189592611e-01  4.0892069549614563e-01
       380  9.4999999999999074e-01  1.2454392022248248e-01  4.1092409933837661e-01
       390  9.7499999999999021e-01  1.2453140159457357e-01  4.1299341704504387e-01
       400  9.9999999999998967e-01  1.2451884432254359e-01  4.1512950609744071e-01
       410  1.0249999999999893e+00  1.2450624652427746e-01  4.1733323894114348e-01
       420  1.0499999999999887e+00  1.2449360611704178e-01  4.1960550268319852e-01
       430  1.0749999999999882e+00  1.2448092081096105e-01  4.2194719882044772e-01
       440  1.0999999999999877e+00  1.2446818810417931e-01  4.2435924299816622e-01
       450  1.1249999999999871e+00  1.2445540527973668e-01  4.2684256479772876e-01
       460  1.1499999999999866e+00  1.2444256940416473e-01  4.2939810755156046e-01
       470  1.1749999999999861e+00  1.2442967732778532e-01  4.3202682818322151e-01
       480  1.1999999999999855e+00  1.2441672568667776e-01  4.3472969707007698e-01
       490  1.2249999999999850e+00  1.2440371090625915e-01  4.3750769792563446e-01
       500  1.2499999999999845e+00  1.2439062920640778e-01  4.4036182769828411e-01
       510  1.2749999999999839e+00  1.2437747660804504e-01  4.4329309648284334e-01
       520  1.2999999999999834e+00  1.2436424894107717e-01  4.4630252744097641e-01
       530  1.3249999999999829e+00  1.2435094185359002e-01  4.4939115672624314e-01
       540  1.3499999999999823e+00  1.2433755082217957e-01  4.5256003340919600e-01
       550  1.3749999999999818e+00  1.2432407116329613e-01  4.5581021939761766e-01
       560  1.3999999999999813e+00  1.2431049804547470e-01  4.5914278934664390e-01
       570  1.4249999999999807e+00  1.2429682650232243e-01  4.6255883055317591e-01
       580  1.4499999999999802e+00  1.2428305144613304e-01  4.6605944282864466e-01
       590  1.4749999999999797e+00  1.2426916768199853e-01  4.6964573834386211e-01
       600  1.4999999999999791e+00  1.2425516992229188e-01  4.7331884143941881e-01
       610  1.5249999999999786e+00  1.2424105280139871e-01  4.7707988839486290e-01
       620  1.5499999999999781e+00  1.2422681089057819e-01  4.8093002714977183e-01
       630  1.5749999999999775e+00  1.2421243871284401e-01  4.8487041696984811e-01
       640  1.5999999999999770e+00  1.2419793075775822e-01  4.8890222805133826e-01
       650  1.6249999999999765e+00  1.2418328149604337e-01  4.9302664105748835e-01
       660  1.6499999999999759e+00  1.2416848539392248e-01  4.9724484658137370e-01
       670  1.6749999999999754e+00  1.2415353692710622e-01  5.0155804453037575e-01
       680  1.6999999999999749e+00  1.2413843059435609e-01  5.0596744342881395e-01
       690  1.7249999999999743e+00  1.2412316093056043e-01  5.1047425963679625e-01
       700  1.7499999999999738e+00  1.2410772251926640e-01  5.1507971648523385e-01
       710  1.7749999999999733e+00  1.2409211000462307e-01  5.1978504332918744e-01
       720  1.7999999999999727e+00  1.2407631810269413e-01  5.2459147452419969e-01
       730  1.8249999999999722e+00  1.2406034161210768e-01  5.2950024833304069e-01
       740  1.8499999999999717e+00  1.2404417542401681e-01  5.3451260577326032e-01
       750  1.8749999999999711e+00  1.2402781453134879e-01  5.3962978941904964e-01
       760  1.8999999999999706e+00  1.2401125403732601e-01  5.4485304217409308e-01
       770  1.9249999999999701e+00  1.2399448916324561e-01  5.5018360603525574e-01
       780  1.9499999999999695e+00  1.2397751525550668e-01  5.5562272087000781e-01
       790  1.9749999999999690e+00  1.2396032779187702e-01  5.6117162323336440e-01
       800  1.9999999999999685e+00  1.2394292238699176e-01  5.6683154525271154e-01
       810  2.0249999999999679e+00  1.2392529479707838e-01  5.7260371361114969e-01
       820  2.0499999999999674e+00  1.2390744092390020e-01  5.7848934866181182e-01
       830  2.0749999999999669e+00  1.2388935681791455e-01  5.8448966370700288e-01
       840  2.0999999999999663e+00  1.2387103868063570e-01  5.9060586447686859e-01
       850  2.1249999999999658e+00  1.2385248286619927e-01  5.9683914884268670e-01
       860  2.1499999999999653e+00  1.2383368588211838e-01  6.0319070679972032e-01
       870  2.1749999999999647e+00  1.2381464438922582e-01  6.0966172075395937e-01
       880  2.1999999999999642e+00  1.2379535520079522e-01  6.1625336614601449e-01
       890  2.2249999999999637e+00  1.2377581528083657e-01  6.2296681244399662e-01
       900  2.2499999999999631e+00  1.2375602174156215e-01  6.2980322453547065e-01
       910  2.2749999999999626e+00  1.2373597184002181e-01  6.3676376454661686e-01
       920  2.2999999999999621e+00  1.2371566297390983e-01  6.4384959411464805e-01
       930  2.3249999999999615e+00  1.2369509267655006e-01  6.5106187713741518e-01
       940  2.3499999999999610e+00  1.2367425861106891e-01  6.5840178302206427e-01
       950  2.3749999999999605e+00  1.2365315856377276e-01  6.6587049045268744e-01
       960  2.3999999999999599e+00  1.2363179043675212e-01  6.7346919169518248e-01
       970  2.4249999999999594e+00  1.2361015223973719e-01  6.8119909745604532e-01
       980  2.4499999999999589e+00  1.2358824208124071e-01  6.8906144231060251e-01
       990  2.4749999999999583e+00  1.2356605815902447e-01  6.9705749071519230e-01
      1000  2.4999999999999578e+00  1.2354359874993379e-01  7.0518854361699105e-01
      1010  2.5249999999999573e+00  1.2352086219914856e-01  7.1345594567444972e-01
      1020  2.5499999999999567e+00  1.2349784690890018e-01  7.2186109310050905e-01
      1030  2.5749999999999562e+00  1.2347455132671090e-01  7.3040544213976358e-01
      1040  2.5999999999999557e+00  1.2345097393320626e-01  7.3909051818930540e-01
      1050  2.6249999999999551e+00  1.2342711322955667e-01  7.4791792557097967e-01
      1060  2.6499999999999546e+00  1.2340296772459676e-01  7.5688935795995862e-01
      1070  2.6749999999999541e+00  1.2337853592166921e-01  7.6600660947079125e-01
      1080  2.6999999999999535e+00  1.2335381630523155e-01  7.7527158639725242e-01
      1090  2.7249999999999530e+00  1.2332880732725626e-01  7.8468631959634504e-01
      1100  2.7499999999999525e+00  1.2330350739344281e-01  7.9425297749973921e-01
      1110  2.7749999999999519e+00  1.2327791484924765e-01  8.0397387972792197e-01
      1120  2.7999999999999514e+00  1.2325202796572249e-01  8.1385151127375916e-01
      1130  2.8249999999999509e+00  1.2322584492513526e-01  8.2388853721370301e-01
      1140  2.8499999999999504e+00  1.2319936380632782e-01  8.3408781789754175e-01
      1150  2.8749999999999498e+00  1.2317258256974647e-01  8.4445242456287303e-01
      1160  2.8999999999999493e+00  1.2314549904206024e-01  8.5498565532026059e-01
      1170  2.9249999999999488e+00  1.2311811090026133e-01  8.6569105146141235e-01
      1180  2.9499999999999482e+00  1.2309041565512197e-01  8.7657241405773447e-01
      1190  2.9749999999999477e+00  1.2306241063386554e-01  8.8763382084154574e-01
      1200  2.9999999999999472e+00  1.2303409296189049e-01  8.9887964339694182e-01
      1210  3.0249999999999466e+00  1.2300545954337634e-01  9.1031456472936680e-01
      1220  3.0499999999999461e+00  1.2297650704058985e-01  9.2194359732695285e-01
      1230  3.0749999999999456e+00  1.2294723185170827e-01  9.3377210186397723e-01
      1240  3.0999999999999450e+00  1.2291763008698040e-01  9.4580580671581496e-01
      1250  3.1249999999999445e+00  1.2288769754305853e-01  9.5805082844237926e-01
      1260  3.1499999999999440e+00  1.2285742967535571e-01  9.7051369334071711e-01
      1270  3.1749999999999434e+00  1.2282682156832057e-01  9.8320136005826529e-01
      1280  3.1999999999999429e+00  1.2279586790356880e-01  9.9612124309419532e-01
      1290  3.2249999999999424e+00  1.2276456292587878e-01  1.0092812368050616e+00
      1300  3.2499999999999418e+00  1.2273290040714358e-01  1.0226897392917099e+00
      1310  3.2749999999999413e+00  1.2270087360847807e-01  1.0363556753073295e+00
      1320  3.2999999999999408e+00  1.2266847524080440e-01  1.0502885171299251e+00
      1330  3.3249999999999402e+00  1.2263569742438175e-01  1.0644983022274879e+00
      1340  3.3499999999999397e+00  1.2260253164790342e-01  1.0789956465473361e+00
      1350  3.3749999999999392e+00  1.2256896872793905e-01  1.0937917524065999e+00
      1360  3.3999999999999386e+00  1.2253499876965878e-01  1.1088984102535105e+00
      1370  3.4249999999999381e+00  1.2250061112990613e-01  1.1243279939903277e+00
      1380  3.4499999999999376e+00  1.2246579438379113e-01  1.1400934500565087e+00
      1390  3.4749999999999370e+00  1.2243053629603420e-01  1.1562082810048365e+00
      1400  3.4999999999999365e+00  1.2239482379829497e-01  1.1726865247945559e+00
      1410  3.5249999999999360e+00  1.2235864297366475e-01  1.1895427314083005e+00
      1420  3.5499999999999354e+00  1.2232197904939367e-01  1.2067919386236796e+00
      1430  3.5749999999999349e+00  1.2228481639875846e-01  1.2244496488108188e+00
      1440  3.5999999999999344e+00  1.2224713855279116e-01  1.2425318084882021e+00
      1450  3.6249999999999338e+00  1.2220892822238776e-01  1.2610547920807378e+00
      1460  3.6499999999999333e+00  1.2217016733114069e-01  1.2800353909314375e+00
      1470  3.6749999999999328e+00  1.2213083705911578e-01  1.2994908081665762e+00
      1480  3.6999999999999322e+00  1.2209091789775433e-01  1.3194386595319834e+00
      1490  3.7249999999999317e+00  1.2205038971614467e-01  1.3398969798034608e+00
      1500  3.7499999999999312e+00  1.2200923183909299e-01  1.3608842337907836e+00
      1510  3.7749999999999306e+00  1.2196742313771976e-01  1.3824193302379492e+00
      1520  3.7999999999999301e+00  1.2192494213370414e-01  1.4045216359995371e+00
      1530  3.8249999999999296e+00  1.2188176711874765e-01  1.4272109866923427e+00
      1540  3.8499999999999290e+00  1.2183787629127511e-01  1.4505076885859778e+00
      1550  3.8749999999999285e+00  1.2179324791277116e-01  1.4744325048943854e+00
      1560  3.8999999999999280e+00  1.2174786048637738e-01  1.4990066180540475e+00
      1570  3.9249999999999274e+00  1.2170169296038962e-01  1.5242515583169144e+00
      1580  3.9499999999999269e+00  1.2165472495902636e-01  1.5501890884128245e+00
      1590  3.9749999999999264e+00  1.2160693704225204e-01  1.5768410345338696e+00
      1600  3.9999999999999258e+00  1.2155831099551795e-01  1.6042290557967749e+00
      1610  4.0249999999999293e+00  1.2150883014902907e-01  1.6323743478523813e+00
      1620  4.0499999999999332e+00  1.2145847972458665e-01  1.6612972814330391e+00
      1630  4.0749999999999371e+00  1.2140724720620509e-01  1.6910169831023878e+00
      1640  4.0999999999999410e+00  1.2135512272857250e-01  1.7215508727652943e+00
      1650  4.1249999999999449e+00  1.2130209947496728e-01  1.7529141798164256e+00
      1660  4.1499999999999488e+00  1.2124817407336514e-01  1.7851194661500532e+00
      1670  4.1749999999999527e+00  1.2119334697599907e-01  1.8181761884784056e+00
      1680  4.1999999999999567e+00  1.2113762280333655e-01  1.8520903333224200e+00
      1690  4.2249999999999606e+00  1.2108101062808621e-01  1.8868641545275529e+00
      1700  4.2499999999999645e+00  1.2102352416830752e-01  1.9224960343188341e+00
      1710  4.2749999999999684e+00  1.2096518185109157e-01  1.9589804742693797e+00
      1720  4.2999999999999723e+00  1.2090600670019810e-01  1.9963082023386480e+00
      1730  4.3249999999999762e+00  1.2084602599372695e-01  2.0344663575895213e+00
      1740  4.3499999999999801e+00  1.2078527063348098e-01  2.0734386879176956e+00
      1750  4.3749999999999840e+00  1.2072377416916866e-01  2.1132056722939566e+00
      1760  4.3999999999999879e+00  1.2066157143180165e-01  2.1537444633200070e+00
      1770  4.4249999999999918e+00  1.2059869675567039e-01  2.1950285450350345e+00
      1780  4.4499999999999957e+00  1.2053518181065824e-01  2.2370270214727123e+00
      1790  4.4749999999999996e+00  1.2047105312788426e-01  2.2797034981194523e+00
      1800  4.5000000000000036e+00  1.2040632947936344e-01  2.3230145915482379e+00
      1810  4.5250000000000075e+00  1.2034101935821460e-01  2.3669081957984570e+00
      1820  4.5500000000000114e+00  1.2027511888419043e-01  2.4113217330025867e+00
      1830  4.5750000000000153e+00  1.2020861050694706e-01  2.4561806980661023e+00
      1840  4.6000000000000192e+00  1.2014146286938984e-01  2.5013978466272428e+00
      1850  4.6250000000000231e+00  1.2007363210127691e-01  2.5468733489962703e+00
      1860  4.6500000000000270e+00  1.2000506462757264e-01  2.5924961296949628e+00
      1870  4.6750000000000309e+00  1.1993570130893168e-01  2.6381464423374511e+00
      1880  4.7000000000000348e+00  1.1986548242537709e-01  2.6836995250955597e+00
      1890  4.7250000000000387e+00  1.1979435273823454e-01  2.7290299906037096e+00
      1900  4.7500000000000426e+00  1.1972226570161353e-01  2.7740164742089323e+00
      1910  4.7750000000000465e+00  1.1964918591277318e-01  2.8185460277804165e+00
      1920  4.8000000000000504e+00  1.1957508912138188e-01  2.8625178072998612e+00
      1930  4.8250000000000544e+00  1.1949995953602414e-01  2.9058457392644944e+00
      1940  4.8500000000000583e+00  1.1942378469268391e-01  2.9484600268603288e+00
      1950  4.8750000000000622e+00  1.1934654867026604e-01  2.9903075345104144e+00
      1960  4.9000000000000661e+00  1.1926822483554438e-01  3.0313512389836726e+00
      1970  4.9250000000000700e+00  1.1918876948451861e-01  3.0715690353574851e+00
      1980  4.9500000000000739e+00  1.1910811767469225e-01  3.1109522228357464e+00
      1990  4.9750000000000778e+00  1.1902618221824632e-01  3.1495039662406316e+00
      2000  5.0000000000000817e+00  1.1894285627925360e-01  3.1872379500018483e+00
      2010  5.0250000000000856e+00  1.1885801937835811e-01  3.2241773469584910e+00
      2020  5.0500000000000895e+00  1.1877154597985824e-01  3.2603541500424343e+00
      2030  5.0750000000000934e+00  1.1868331536356429e-01  3.2958088716299536e+00
      2040  5.1000000000000973e+00  1.1859322129706416e-01  3.3305905751009660e+00
      2050  5.1250000000001013e+00  1.1850118018384267e-01  3.3647571194285601e+00
      2060  5.1500000000001052e+00  1.1840713681425781e-01  3.3983753533708475e+00
      2070  5.1750000000001091e+00  1.1831106742170651e-01  3.4315208430128060e+00
      2080  5.2000000000001130e+00  1.1821298023594808e-01  3.4642766664427723e+00
      2090  5.2250000000001169e+00  1.1811291398956498e-01  3.4967309673767650e+00
      2100  5.2500000000001208e+00  1.1801093487828806e-01  3.5289733423486074e+00
      2110  5.2750000000001247e+00  1.1790713243133815e-01  3.5610906331079665e+00
      2120  5.3000000000001286e+00  1.1780161475031277e-01  3.5931631054279179e+00
      2130  5.3250000000001325e+00  1.1769450364302159e-01  3.6252621172116609e+00
      2140  5.3500000000001364e+00  1.1758593019069419e-01  3.6574501094374552e+00
      2150  5.3750000000001403e+00  1.1747603109654489e-01  3.6897831393701364e+00
      2160  5.4000000000001442e+00  1.1736494576562176e-01  3.7223154031600306e+00
      2170  5.4250000000001481e+00  1.1725281366750429e-01  3.7551045288595731e+00
      2180  5.4500000000001521e+00  1.1713977144249971e-01  3.7882161068997756e+00
      2190  5.4750000000001560e+00  1.1702594960198478e-01  3.8217260881721580e+00
      2200  5.5000000000001599e+00  1.1691146940207514e-01  3.8557202579011534e+00
      2210  5.5250000000001638e+00  1.1679644110683135e-01  3.8902907526235844e+00
      2220  5.5500000000001677e+00  1.1668096493076905e-01  3.9255302333489100e+00
      2230  5.5750000000001716e+00  1.1656513525392401e-01  3.9615246635126884e+00
      2240  5.6000000000001755e+00  1.1644904745518392e-01  3.9983456751703700e+00
      2250  5.6250000000001794e+00  1.1633280545802436e-01  4.0360434340992299e+00
      2260  5.6500000000001833e+00  1.1621652740700451e-01  4.0746409558718707e+00
      2270  5.6750000000001872e+00  1.1610034709795506e-01  4.1141310390223857e+00
      2280  5.7000000000001911e+00  1.1598440976015506e-01  4.1544771686089079e+00
      2290  5.7250000000001950e+00  1.1586886210932213e-01  4.1956195326652962e+00
      2300  5.7500000000001990e+00  1.1575383777147160e-01  4.2374863815444805e+00
      2310  5.7750000000002029e+00  1.1563943992822289e-01  4.2800093686075664e+00
      2320  5.8000000000002068e+00  1.1552572335426596e-01  4.3231397050771283e+00
      2330  5.8250000000002107e+00  1.1541267810147967e-01  4.3668607248204524e+00
      2340  5.8500000000002146e+00  1.1530021710727267e-01  4.4111925493284603e+00
      2350  5.8750000000002185e+00  1.1518816995255835e-01  4.4561863111095680e+00
      2360  5.9000000000002224e+00  1.1507628465634872e-01  4.5019084923858001e+00
      2370  5.9250000000002263e+00  1.1496423853067916e-01  4.5484193682061560e+00
      2380  5.9500000000002302e+00  1.1485165769330943e-01  4.5957520075577050e+00
      2390  5.9750000000002341e+00  1.1473814313085225e-01  4.6438987166466646e+00
      2400  6.0000000000002380e+00  1.1462329974806543e-01  4.6928098643816909e+00
      2410  6.0250000000002419e+00  1.1450676415461476e-01  4.7424063005704043e+00
      2420  6.0500000000002458e+00  1.1438822729100839e-01  4.7926023867696711e+00
      2430  6.0750000000002498e+00  1.1426744925309546e-01  4.8433335390741583e+00
      2440  6.1000000000002537e+00  1.1414426538623851e-01  4.8945812289588189e+00
      2450  6.1250000000002576e+00  1.1401858431054857e-01  4.9463897944151595e+00
      2460  6.1500000000002615e+00  1.1389037954022933e-01  4.9988723822104939e+00
      2470  6.1750000000002654e+00  1.1375967656994513e-01  5.0522064626472197e+00
      2480  6.2000000000002693e+00  1.1362653681530091e-01  5.1066212988699128e+00
      2490  6.2250000000002732e+00  1.1349103894075174e-01  5.1623799409769218e+00
      2500  6.2500000000002771e+00  1.1335325733096071e-01  5.2197572243094746e+00
      2510  6.2750000000002810e+00  1.1321323720818529e-01  5.2790140861511791e+00
      2520  6.3000000000002849e+00  1.1307096651204391e-01  5.3403684455915645e+00
      2530  6.3250000000002888e+00  1.1292634625164611e-01  5.4039643020646016e+00
      2540  6.3500000000002927e+00  1.1277916335176254e-01  5.4698429553446512e+00
      2550  6.3750000000002967e+00  1.1262907232960380e-01  5.5379220811875709e+00
      2560  6.4000000000003006e+00  1.1247559340340750e-01  5.6079887218763056e+00
      2570  6.4250000000003045e+00  1.1231813382170537e-01  5.6797107169928076e+00
      2580  6.4500000000003084e+00  1.1215603581795543e-01  5.7526681146011622e+00
      2590  6.4750000000003123e+00  1.1198864906654492e-01  5.8264023974550059e+00
      2600  6.5000000000003162e+00  1.1181541922395768e-01  5.9004775288215573e+00
      2610  6.5250000000003201e+00  1.1163597901651926e-01  5.9745432603399047e+00
      2620  6.5500000000003240e+00  1.1145022617531280e-01  6.0483883883387486e+00
      2630  6.5750000000003279e+00  1.1125837424697773e-01  6.1219707487787659e+00
      2640  6.6000000000003318e+00  1.1106096751319850e-01  6.1954131338326154e+00
      2650  6.6250000000003357e+00  1.1085885818037283e-01  6.2689609505457290e+00
      2660  6.6500000000003396e+00  1.1065315018190743e-01  6.3429076492379736e+00
      2670  6.6750000000003435e+00  1.1044511731312325e-01  6.4175048156329782e+00
      2680  6.7000000000003475e+00  1.1023610352990275e-01  6.4928808980126865e+00
      2690  6.7250000000003514e+00  1.1002741166644215e-01  6.5689918710266964e+00
      2700  6.7500000000003553e+00  1.0982018635477215e-01  6.6456176663964484e+00
      2710  6.7750000000003592e+00  1.0961529967930419e-01  6.7224030614557957e+00
      2720  6.8000000000003631e+00  1.0941325370676925e-01  6.7989272259110577e+00
      2730  6.8250000000003670e+00  1.0921411922238573e-01  6.8747786225739900e+00
      2740  6.8500000000003709e+00  1.0901753014849612e-01  6.9496141960434963e+00
      2750  6.8750000000003748e+00  1.0882274503320791e-01  7.0231913271560330e+00
      2760  6.9000000000003787e+00  1.0862877130970801e-01  7.0953719873970532e+00
      2770  6.9250000000003826e+00  1.0843452964217324e-01  7.1661055705723364e+00
      2780  6.9500000000003865e+00  1.0823902180940045e-01  7.2353985546744681e+00
      2790  6.9750000000003904e+00  1.0804146238103697e-01  7.3032779199838900e+00
      2800  7.0000000000003944e+00  1.0784134395167809e-01  7.3697545105169509e+00
      2810  7.0250000000003983e+00  1.0763842475159769e-01  7.4347933689608301e+00
      2820  7.0500000000004022e+00  1.0743264909678675e-01  7.4982986433463539e+00
      2830  7.0750000000004061e+00  1.0722402783091000e-01  7.5601183460939686e+00
      2840  7.1000000000004100e+00  1.0701251293704222e-01  7.6200685141893165e+00
      2850  7.1250000000004139e+00  1.0679789791093228e-01  7.6779697029708565e+00
      2860  7.1500000000004178e+00  1.0657976735286823e-01  7.7336852156507366e+00
      2870  7.1750000000004217e+00  1.0635751034626667e-01  7.7871525123510957e+00
      2880  7.2000000000004256e+00  1.0613040430032906e-01  7.8384057478318567e+00
      2890  7.2250000000004295e+00  1.0589776648514246e-01  7.8875939019014383e+00
      2900  7.2500000000004334e+00  1.0565915541175825e-01  7.9350003588533548e+00
      2910  7.2750000000004373e+00  1.0541458303478128e-01  7.9810637863500685e+00
      2920  7.3000000000004412e+00  1.0516467797662352e-01  8.0263894243733962e+00
      2930  7.3250000000004452e+00  1.0491073162766828e-01  8.0717311448878365e+00
      2940  7.3500000000004491e+00  1.0465457468441742e-01  8.1179251936871378e+00
      2950  7.3750000000004530e+00  1.0439827518391933e-01  8.1657700903048153e+00
      2960  7.4000000000004569e+00  1.0414371099669463e-01  8.2158709885044794e+00
      2970  7.4250000000004608e+00  1.0389212773553926e-01  8.2684914578109696e+00
      2980  7.4500000000004647e+00  1.0364381931945385e-01  8.3234680996942493e+00
      2990  7.4750000000004686e+00  1.0339804318294223e-01  8.3802330902529120e+00
      3000  7.5000000000004725e+00  1.0315320696661040e-01  8.4379554294978021e+00
      3010  7.5250000000004764e+00  1.0290726594639131e-01  8.4957650789767837e+00
      3020  7.5500000000004803e+00  1.0265819340532368e-01  8.5529864101135782e+00
      3030  7.5750000000004842e+00  1.0240436633751419e-01  8.6092986563145779e+00
      3040  7.6000000000004881e+00  1.0214475601394465e-01  8.6647687531312779e+00
      3050  7.6250000000004921e+00  1.0187890319475055e-01  8.7197548371410588e+00
      3060  7.6500000000004960e+00  1.0160674630823407e-01  8.7747316718120586e+00
      3070  7.6750000000004999e+00  1.0132841635370522e-01  8.8301166873402824e+00
      3080  7.7000000000005038e+00  1.0104409832721428e-01  8.8861648938652458e+00
      3090  7.7250000000005077e+00  1.0075400075064104e-01  8.9429602220285338e+00
      3100  7.7500000000005116e+00  1.0045840768591820e-01  9.0004824302204068e+00
      3110  7.7750000000005155e+00  1.0015774623964114e-01  9.0586972904550033e+00
      3120  7.8000000000005194e+00  9.9852603810650258e-02  9.1176169225503574e+00
      3130  7.8250000000005233e+00  9.9543666228391477e-02  9.1773031731879029e+00
      3140  7.8500000000005272e+00  9.9231596646844268e-02  9.2378225352641954e+00
      3150  7.8750000000005311e+00  9.8916909101490736e-02  9.2991862321810802e+00
      3160  7.9000000000005350e+00  9.8599894324085490e-02  9.3613121755860481e+00
      3170  7.9250000000005389e+00  9.8280630203156851e-02  9.4240285435737496e+00
      3180  7.9500000000005429e+00  9.7959070743490680e-02  9.4871140714541297e+00
      3190  7.9750000000005468e+00  9.7635175515065748e-02  9.5503520252070840e+00
      3200  8.0000000000005507e+00  9.7309030312366343e-02  9.6135713747913673e+00
      3210  8.0250000000005457e+00  9.6980920988953856e-02  9.6766588521489395e+00
      3220  8.0500000000005407e+00  9.6651347048577631e-02  9.7395415322377545e+00
      3230  8.0750000000005357e+00  9.6320985646067580e-02  9.8021521068578187e+00
      3240  8.1000000000005308e+00  9.5990629187505837e-02  9.8643925941838484e+00
      3250  8.1250000000005258e+00  9.5661117697542748e-02  9.9261072164487436e+00
      3260  8.1500000000005208e+00  9.5333275674770126e-02  9.9870666362167832e+00
      3270  8.1750000000005159e+00  9.5007851471086491e-02  1.0046959786774191e+01
      3280  8.2000000000005109e+00  9.4685452899406680e-02  1.0105389567440976e+01
      3290  8.2250000000005059e+00  9.4366477790815270e-02  1.0161873592968242e+01
      3300  8.2500000000005009e+00  9.4051048558125352e-02  1.0215856486764603e+01
      3310  8.2750000000004960e+00  9.3738968365036766e-02  1.0266741184082673e+01
      3320  8.3000000000004910e+00  9.3429717375328183e-02  1.0313941619132827e+01
      3330  8.3250000000004860e+00  9.3122499309889193e-02  1.0356950338554759e+01
      3340  8.3500000000004810e+00  9.2816334558953796e-02  1.0395406827016566e+01
      3350  8.3750000000004761e+00  9.2510182427084603e-02  1.0429149850025513e+01
      3360  8.4000000000004711e+00  9.2203067222276396e-02  1.0458241055029873e+01
      3370  8.4250000000004661e+00  9.1894183390507235e-02  1.0482955245511947e+01
      3380  8.4500000000004611e+00  9.1582962742223433e-02  1.0503741425026380e+01
      3390  8.4750000000004562e+00  9.1269098432060883e-02  1.0521164880829759e+01
      3400  8.5000000000004512e+00  9.0952531309858438e-02  1.0535843120651355e+01
      3410  8.5250000000004462e+00  9.0633411022419896e-02  1.0548387858928899e+01
      3420  8.5500000000004412e+00  9.0312045356733949e-02  1.0559362465751392e+01
      3430  8.5750000000004363e+00  8.9988847719211387e-02  1.0569260109538789e+01
      3440  8.6000000000004313e+00  8.9664287012634678e-02  1.0578502792049053e+01
      3450  8.6250000000004263e+00  8.9338839534149483e-02  1.0587456379950288e+01
      3460  8.6500000000004214e+00  8.9012940864740294e-02  1.0596452848281668e+01
      3470  8.6750000000004164e+00  8.8686937253494448e-02  1.0605809628347505e+01
      3480  8.7000000000004114e+00  8.8361039309510493e-02  1.0615837822884133e+01
      3490  8.7250000000004064e+00  8.8035283768621731e-02  1.0626835393828711e+01
      3500  8.7500000000004015e+00  8.7709509937818317e-02  1.0639066382840977e+01
      3510  8.7750000000003965e+00  8.7383355555834986e-02  1.0652730833730855e+01
      3520  8.8000000000003915e+00  8.7056273063757049e-02  1.0667931461019289e+01
      3530  8.8250000000003865e+00  8.6727563417478171e-02  1.0684642827718776e+01
      3540  8.8500000000003816e+00  8.6396422364896149e-02  1.0702688187971825e+01
      3550  8.8750000000003766e+00  8.6061994383605019e-02  1.0721729037960010e+01
      3560  8.9000000000003716e+00  8.5723431671571793e-02  1.0741272350184481e+01
      3570  8.9250000000003666e+00  8.5379958082012205e-02  1.0760699118067814e+01
      3580  8.9500000000003617e+00  8.5030938913607759e-02  1.0779314287498689e+01
      3590  8.9750000000003567e+00  8.4675956020582281e-02  1.0796412968983838e+01
      3600  9.0000000000003517e+00  8.4314884062481934e-02  1.0811353013297694e+01
      3610  9.0250000000003467e+00  8.3947959182802638e-02  1.0823621789716971e+01
      3620  9.0500000000003418e+00  8.3575827700048156e-02  1.0832886236857818e+01
      3630  9.0750000000003368e+00  8.3199560987346292e-02  1.0839019044921571e+01
      3640  9.1000000000003318e+00  8.2820624500012262e-02  1.0842098234672949e+01
      3650  9.1250000000003268e+00  8.2440794126350346e-02  1.0842380905671506e+01
      3660  9.1500000000003219e+00  8.2062021270584053e-02  1.0840254358914274e+01
      3670  9.1750000000003169e+00  8.1686258181779828e-02  1.0836170048284497e+01
      3680  9.2000000000003119e+00  8.1315265085928663e-02  1.0830568702225078e+01
      3690  9.2250000000003070e+00  8.0950428130680233e-02  1.0823808209325402e+01
      3700  9.2500000000003020e+00  8.0592619472001777e-02  1.0816107998731929e+01
      3710  9.2750000000002970e+00  8.0242126338519850e-02  1.0807522829733704e+01
      3720  9.3000000000002920e+00  7.9898664591983167e-02  1.0797954126271078e+01
      3730  9.3250000000002871e+00  7.9561476148258618e-02  1.0787198826154028e+01
      3740  9.3500000000002821e+00  7.9229492230945741e-02  1.0775026227471950e+01
      3750  9.3750000000002771e+00  7.8901530019476879e-02  1.0761265264309599e+01
      3760  9.4000000000002721e+00  7.8576482474563101e-02  1.0745880463136055e+01
      3770  9.4250000000002672e+00  7.8253462106499115e-02  1.0729015878513586e+01
      3780  9.4500000000002622e+00  7.7931869357752926e-02  1.0710992606208227e+01
      3790  9.4750000000002572e+00  7.7611373315812144e-02  1.0692255849819611e+01
      3800  9.5000000000002522e+00  7.7291813253577948e-02  1.0673279898591362e+01
      3810  9.5250000000002473e+00  7.6973049520125088e-02  1.0654451088153360e+01
      3820  9.5500000000002423e+00  7.6654806740906272e-02  1.0635956961418436e+01
      3830  9.5750000000002373e+00  7.6336556984946740e-02  1.0617711867024309e+01
      3840  9.6000000000002323e+00  7.6017483251769741e-02  1.0599343711278969e+01
      3850  9.6250000000002274e+00  7.5696544960834210e-02  1.0580253984192507e+01
      3860  9.6500000000002224e+00  7.5372640984696824e-02  1.0559746106566541e+01
      3870  9.6750000000002174e+00  7.5044838616169120e-02  1.0537199763893987e+01
      3880  9.7000000000002125e+00  7.4712616030026081e-02  1.0512255722879268e+01
      3890  9.7250000000002075e+00  7.4376057293970534e-02  1.0484970153753577e+01
      3900  9.7500000000002025e+00  7.4035945603673716e-02  1.0455901213392973e+01
      3910  9.7750000000001975e+00  7.3693720929986637e-02  1.0426102889346508e+01
      3920  9.8000000000001926e+00  7.3351297850320617e-02  1.0397019354099952e+01
      3930  9.8250000000001876e+00  7.3010771003551703e-02  1.0370293643988095e+01
      3940  9.8500000000001826e+00  7.2674062028133884e-02  1.0347523150551430e+01
      3950  9.8750000000001776e+00  7.2342577032177578e-02  1.0330007149504904e+01
      3960  9.9000000000001727e+00  7.2016944205782948e-02  1.0318535305897390e+01
      3970  9.9250000000001677e+00  7.1696886947653384e-02  1.0313259477970102e+01
      3980  9.9500000000001627e+00  7.1381261840044056e-02  1.0313675226251651e+01
      3990  9.9750000000001577e+00  7.1068258416827674e-02  1.0318717527836703e+01
      4000  1.0000000000000153e+01  7.0755725605714364e-02  1.0326952128057135e+01
