         0  0.0000000000000000e+00  1.2500000000000000e-01  3.7500000000000000e-01
        10  2.4999999999999998e-02  1.2490628311598830e-01  3.7474322187480165e-01
        20  5.0000000000000010e-02  1.2481262432579798e-01  3.7453520638138284e-01
        30  7.5000000000000025e-02  1.2471901147176706e-01  3.7437570298747995e-01
        40  1.0000000000000005e-01  1.2462543245851956e-01  3.7426448891310023e-01
        50  1.2500000000000006e-01  1.2453187524956968e-01  3.7420136858679220e-01
        60  1.5000000000000008e-01  1.2443832786525162e-01  3.7418617310699399e-01
        70  1.7500000000000010e-01  1.2434477838179564e-01  3.7421875970518281e-01
        80  2.0000000000000012e-01  1.2425121493134379e-01  3.7429901120715610e-01
        90  2.2500000000000014e-01  1.2415762570267952e-01  3.7442683548850662e-01
       100  2.5000000000000017e-01  1.2406399894242811e-01  3.7460216492020813e-01
       110  2.7500000000000019e-01  1.2397032295647554e-01  3.7482495580021710e-01
       120  3.0000000000000021e-01  1.2387658611135592e-01  3.7509518776713277e-01
       130  3.2500000000000023e-01  1.2378277683536140e-01  3.7541286319220071e-01
       140  3.5000000000000026e-01  1.2368888361914247e-01  3.7577800654631295e-01
       150  3.7500000000000028e-01  1.2359489501558616e-01  3.7619066373911524e-01
       160  4.0000000000000030e-01  1.2350079963878340e-01  3.7665090142787074e-01
       170  4.2500000000000032e-01  1.2340658616192500e-01  3.7715880629431762e-01
       180  4.5000000000000034e-01  1.2331224331400073e-01  3.7771448428839732e-01
       190  4.7500000000000037e-01  1.2321775987520521e-01  3.7831805983835501e-01
       200  5.0000000000000033e-01  1.2312312467099723e-01  3.7896967502737242e-01
       210  5.2499999999999980e-01  1.2302832656478872e-01  3.7966948873748246e-01
       220  5.4999999999999927e-01  1.2293335444927940e-01  3.8041767576209628e-01
       230  5.7499999999999873e-01  1.2283819723648698e-01  3.8121442588898424e-01
       240  5.9999999999999820e-01  1.2274284384655199e-01  3.8205994295598629e-01
       250  6.2499999999999767e-01  1.2264728319542923e-01  3.8295444388210641e-01
       260  6.4999999999999714e-01  1.2255150418160233e-01  3.8389815767692419e-01
       270  6.7499999999999660e-01  1.2245549567197581e-01  3.8489132443144200e-01
       280  6.9999999999999607e-01  1.2235924648712606e-01  3.8593419429362586e-01
       290  7.2499999999999554e-01  1.2226274538609534e-01  3.8702702643188871e-01
       300  7.4999999999999500e-01  1.2216598105092998e-01  3.8817008798973593e-01
       310  7.7499999999999447e-01  1.2206894207116624e-01  3.8936365303465308e-01
       320  7.9999999999999394e-01  1.2197161692846748e-01  3.9060800150411670e-01
       330  8.2499999999999341e-01  1.2187399398161486e-01  3.9190341815135627e-01
       340  8.4999999999999287e-01  1.2177606145204633e-01  3.9325019149318599e-01
       350  8.7499999999999234e-01  1.2167780741012918e-01  3.9464861276187889e-01
       360  8.9999999999999181e-01  1.2157921976233942e-01  3.9609897486268051e-01
       370  9.2499999999999127e-01  1.2148028623950582e-01  3.9760157133816269e-01
       380  9.4999999999999074e-01  1.2138099438625974e-01  3.9915669534021382e-01
       390  9.7499999999999021e-01  1.2128133155181468e-01  4.0076463861006099e-01
       400  9.9999999999998967e-01  1.2118128488217803e-01  4.0242569046632049e-01
       410  1.0249999999999893e+00  1.2108084131388100e-01  4.0414013680071145e-01
       420  1.0499999999999887e+00  1.2097998756928909e-01  4.0590825908070967e-01
       430  1.0749999999999882e+00  1.2087871015353739e-01  4.0773033335811606e-01
       440  1.0999999999999877e+00  1.2077699535311705e-01  4.0960662928225163e-01
       450  1.1249999999999871e+00  1.2067482923611669e-01  4.1153740911625976e-01
       460  1.1499999999999866e+00  1.2057219765410896e-01  4.1352292675484273e-01
       470  1.1749999999999861e+00  1.2046908624565374e-01  4.1556342674164689e-01
       480  1.1999999999999855e+00  1.2036548044137498e-01  4.1765914328446432e-01
       490  1.2249999999999850e+00  1.2026136547055618e-01  4.1981029926644188e-01
       500  1.2499999999999845e+00  1.2015672636918461e-01  4.2201710525156279e-01
       510  1.2749999999999839e+00  1.2005154798936834e-01  4.2427975848283181e-01
       520  1.2999999999999834e+00  1.1994581501003804e-01  4.2659844187179998e-01
       530  1.3249999999999829e+00  1.1983951194884039e-01  4.2897332297836372e-01
       540  1.3499999999999823e+00  1.1973262317512576e-01  4.3140455298012818e-01
       550  1.3749999999999818e+00  1.1962513292392604e-01  4.3389226563104092e-01
       560  1.3999999999999813e+00  1.1951702531081923e-01  4.3643657620950123e-01
       570  1.4249999999999807e+00  1.1940828434757547e-01  4.3903758045669798e-01
       580  1.4499999999999802e+00  1.1929889395847753e-01  4.4169535350653878e-01
       590  1.4749999999999797e+00  1.1918883799721346e-01  4.4440994880921187e-01
       600  1.4999999999999791e+00  1.1907810026423859e-01  4.4718139705113667e-01
       610  1.5249999999999786e+00  1.1896666452450742e-01  4.5000970507482390e-01
       620  1.5499999999999781e+00  1.1885451452547977e-01  4.5289485480297221e-01
       630  1.5749999999999775e+00  1.1874163401530967e-01  4.5583680217195288e-01
       640  1.5999999999999770e+00  1.1862800676112965e-01  4.5883547608067814e-01
       650  1.6249999999999765e+00  1.1851361656734624e-01  4.6189077736168163e-01
       660  1.6499999999999759e+00  1.1839844729386952e-01  4.6500257778206860e-01
       670  1.6749999999999754e+00  1.1828248287420118e-01  4.6817071908276884e-01
       680  1.6999999999999749e+00  1.1816570733331236e-01  4.7139501206525494e-01
       690  1.7249999999999743e+00  1.1804810480524528e-01  4.7467523573552976e-01
       700  1.7499999999999738e+00  1.1792965955037708e-01  4.7801113651572969e-01
       710  1.7749999999999733e+00  1.1781035597228765e-01  4.8140242753410129e-01
       720  1.7999999999999727e+00  1.1769017863417717e-01  4.8484878800438319e-01
       730  1.8249999999999722e+00  1.1756911227478151e-01  4.8834986270571708e-01
       740  1.8499999999999717e+00  1.1744714182373643e-01  4.9190526157413531e-01
       750  1.8749999999999711e+00  1.1732425241634437e-01  4.9551455941638625e-01
       760  1.8999999999999706e+00  1.1720042940769926e-01  4.9917729575637336e-01
       770  1.9249999999999701e+00  1.1707565838612769e-01  5.0289297482378646e-01
       780  1.9499999999999695e+00  1.1694992518590490e-01  5.0666106569359374e-01
       790  1.9749999999999690e+00  1.1682321589920897e-01  5.1048100258396296e-01
       800  1.9999999999999685e+00  1.1669551688727503e-01  5.1435218531887452e-01
       810  2.0249999999999679e+00  1.1656681479071562e-01  5.1827397996023135e-01
       820  2.0499999999999674e+00  1.1643709653897542e-01  5.2224571961265767e-01
       830  2.0749999999999669e+00  1.1630634935888924e-01  5.2626670540244436e-01
       840  2.0999999999999663e+00  1.1617456078231701e-01  5.3033620763029034e-01
       850  2.1249999999999658e+00  1.1604171865283160e-01  5.3445346709561825e-01
       860  2.1499999999999653e+00  1.1590781113143794e-01  5.3861769658835916e-01
       870  2.1749999999999647e+00  1.1577282670130739e-01  5.4282808254224287e-01
       880  2.1999999999999642e+00  1.1563675417151441e-01  5.4708378684182392e-01
       890  2.2249999999999637e+00  1.1549958267976686e-01  5.5138394877375916e-01
       900  2.2499999999999631e+00  1.1536130169412801e-01  5.5572768711126777e-01
       910  2.2749999999999626e+00  1.1522190101373055e-01  5.6011410231925811e-01
       920  2.2999999999999621e+00  1.1508137076849152e-01  5.6454227886635369e-01
       930  2.3249999999999615e+00  1.1493970141784103e-01  5.6901128762897524e-01
       940  2.3499999999999610e+00  1.1479688374848271e-01  5.7352018837177704e-01
       950  2.3749999999999605e+00  1.1465290887121135e-01  5.7806803228809714e-01
       960  2.3999999999999599e+00  1.1450776821681797e-01  5.8265386458366115e-01
       970  2.4249999999999594e+00  1.1436145353111701e-01  5.8727672708657016e-01
       980  2.4499999999999589e+00  1.1421395686913689e-01  5.9193566086661965e-01
       990  2.4749999999999583e+00  1.1406527058851954e-01  5.9662970884720915e-01
      1000  2.4999999999999578e+00  1.1391538734217831e-01  6.0135791839349244e-01
      1010  2.5249999999999573e+00  1.1376430007026767e-01  6.0611934386098894e-01
      1020  2.5499999999999567e+00  1.1361200199152164e-01  6.1091304908959234e-01
      1030  2.5749999999999562e+00  1.1345848659401998e-01  6.1573810982874852e-01
      1040  2.5999999999999557e+00  1.1330374762544334e-01  6.2059361608052024e-01
      1050  2.6249999999999551e+00  1.1314777908287934e-01  6.2547867434828060e-01
      1060  2.6499999999999546e+00  1.1299057520224296e-01  6.3039240977986171e-01
      1070  2.6749999999999541e+00  1.1283213044737327e-01  6.3533396819510055e-01
      1080  2.6999999999999535e+00  1.1267243949886896e-01  6.4030251798887272e-01
      1090  2.7249999999999530e+00  1.1251149724272284e-01  6.4529725190184085e-01
      1100  2.7499999999999525e+00  1.1234929875881394e-01  6.5031738865228198e-01
      1110  2.7749999999999519e+00  1.1218583930931413e-01  6.5536217442347160e-01
      1120  2.7999999999999514e+00  1.1202111432706155e-01  6.6043088420218198e-01
      1130  2.8249999999999509e+00  1.1185511940395183e-01  6.6552282296491041e-01
      1140  2.8499999999999504e+00  1.1168785027939493e-01  6.7063732670947313e-01
      1150  2.8749999999999498e+00  1.1151930282887858e-01  6.7577376333057035e-01
      1160  2.8999999999999493e+00  1.1134947305268032e-01  6.8093153333889449e-01
      1170  2.9249999999999488e+00  1.1117835706476237e-01  6.8611007042425128e-01
      1180  2.9499999999999482e+00  1.1100595108188222e-01  6.9130884186405174e-01
      1190  2.9749999999999477e+00  1.1083225141294654e-01  6.9652734877936265e-01
      1200  2.9999999999999472e+00  1.1065725444863465e-01  7.0176512624150557e-01
      1210  3.0249999999999466e+00  1.1048095665131092e-01  7.0702174323291537e-01
      1220  3.0499999999999461e+00  1.1030335454524681e-01  7.1229680246665104e-01
      1230  3.0749999999999456e+00  1.1012444470716629e-01  7.1758994006951084e-01
      1240  3.0999999999999450e+00  1.0994422375712922e-01  7.2290082513418746e-01
      1250  3.1249999999999445e+00  1.0976268834976265e-01  7.2822915914622945e-01
      1260  3.1499999999999440e+00  1.0957983516585013e-01  7.3357467529177933e-01
      1270  3.1749999999999434e+00  1.0939566090428658e-01  7.3893713765210199e-01
      1280  3.1999999999999429e+00  1.0921016227440692e-01  7.4431634029080486e-01
      1290  3.2249999999999424e+00  1.0902333598869422e-01  7.4971210623939228e-01
      1300  3.2499999999999418e+00  1.0883517875587584e-01  7.5512428638642007e-01
      1310  3.2749999999999413e+00  1.0864568727441438e-01  7.6055275827505273e-01
      1320  3.2999999999999408e+00  1.0845485822640263e-01  7.6599742481333463e-01
      1330  3.3249999999999402e+00  1.0826268827187187e-01  7.7145821290103714e-01
      1340  3.3499999999999397e+00  1.0806917404352630e-01  7.7693507197660222e-01
      1350  3.3749999999999392e+00  1.0787431214191575e-01  7.8242797248754110e-01
      1360  3.3999999999999386e+00  1.0767809913106209e-01  7.8793690428774605e-01
      1370  3.4249999999999381e+00  1.0748053153455675e-01  7.9346187496556739e-01
      1380  3.4499999999999376e+00  1.0728160583214548e-01  7.9900290810722197e-01
      1390  3.4749999999999370e+00  1.0708131845682094e-01  8.0456004150114648e-01
      1400  3.4999999999999365e+00  1.0687966579244091e-01  8.1013332529021869e-01
      1410  3.5249999999999360e+00  1.0667664417189136e-01  8.1572282008026691e-01
      1420  3.5499999999999354e+00  1.0647224987581132e-01  8.2132859501485083e-01
      1430  3.5749999999999349e+00  1.0626647913189480e-01  8.2695072582777679e-01
      1440  3.5999999999999344e+00  1.0605932811478308e-01  8.3258929288600344e-01
      1450  3.6249999999999338e+00  1.0585079294655511e-01  8.3824437923635188e-01
      1460  3.6499999999999333e+00  1.0564086969782336e-01  8.4391606866955924e-01
      1470  3.6749999999999328e+00  1.0542955438943428e-01  8.4960444381454550e-01
      1480  3.6999999999999322e+00  1.0521684299477230e-01  8.5530958427422888e-01
      1490  3.7249999999999317e+00  1.0500273144266039e-01  8.6103156481172188e-01
      1500  3.7499999999999312e+00  1.0478721562084822e-01  8.6677045359230729e-01
      1510  3.7749999999999306e+00  1.0457029138007810e-01  8.7252631048229200e-01
      1520  3.7999999999999301e+00  1.0435195453871801e-01  8.7829918540079230e-01
      1530  3.8249999999999296e+00  1.0413220088795293e-01  8.8408911671491709e-01
      1540  3.8499999999999290e+00  1.0391102619753045e-01  8.8989612966289651e-01
      1550  3.8749999999999285e+00  1.0368842622206154e-01  8.9572023478370341e-01
      1560  3.8999999999999280e+00  1.0346439670788724e-01  9.0156142632587948e-01
      1570  3.9249999999999274e+00  1.0323893340053010e-01  9.0741968060281435e-01
      1580  3.9499999999999269e+00  1.0301203205276449e-01  9.1329495425686340e-01
      1590  3.9749999999999264e+00  1.0278368843335155e-01  9.1918718239052252e-01
      1600  3.9999999999999258e+00  1.0255389833650101e-01  9.2509627651955840e-01
      1610  4.0249999999999293e+00  1.0232265759213819e-01  9.3102212230054241e-01
      1620  4.0499999999999332e+00  1.0208996207707024e-01  9.3696457698370023e-01
      1630  4.0749999999999371e+00  1.0185580772716317e-01  9.4292346654138643e-01
      1640  4.0999999999999410e+00  1.0162019055065349e-01  9.4889858242283592e-01
      1650  4.1249999999999449e+00  1.0138310664273588e-01  9.5488967788723887e-01
      1660  4.1499999999999488e+00  1.0114455220157463e-01  9.6089646386969119e-01
      1670  4.1749999999999527e+00  1.0090452354589892e-01  9.6691860433845451e-01
      1680  4.1999999999999567e+00  1.0066301713434310e-01  9.7295571110741718e-01
      1690  4.2249999999999606e+00  1.0042002958669519e-01  9.7900733807505129e-01
      1700  4.2499999999999645e+00  1.0017555770720754e-01  9.8507297487084686e-01
      1710  4.2749999999999684e+00  9.9929598510115802e-02  9.9115203990256332e-01
      1720  4.2999999999999723e+00  9.9682149247488316e-02  9.9724387281292933e-01
      1730  4.3249999999999762e+00  9.9433207439503580e-02  1.0033477263728676e+00
      1740  4.3499999999999801e+00  9.9182770907216515e-02  1.0094627578598908e+00
      1750  4.3749999999999840e+00  9.8930837807827184e-02  1.0155880199947274e+00
      1760  4.3999999999999879e+00  9.8677406672412715e-02  1.0217224515359585e+00
      1770  4.4249999999999918e+00  9.8422476446016657e-02  1.0278648676605036e+00
      1780  4.4499999999999957e+00  9.8166046529917875e-02  1.0340139502859630e+00
      1790  4.4749999999999996e+00  9.7908116825818721e-02  1.0401682385174778e+00
      1800  4.5000000000000036e+00  9.7648687781605885e-02  1.0463261194250689e+00
      1810  4.5250000000000075e+00  9.7387760438247778e-02  1.0524858193753688e+00
      1820  4.5500000000000114e+00  9.7125336477301277e-02  1.0586453961522325e+00
      1830  4.5750000000000153e+00  9.6861418268418247e-02  1.0648027321021018e+00
      1840  4.6000000000000192e+00  9.6596008916165982e-02  1.0709555285306836e+00
      1850  4.6250000000000231e+00  9.6329112305417380e-02  1.0771013015565721e+00
      1860  4.6500000000000270e+00  9.6060733144529198e-02  1.0832373795946894e+00
      1870  4.6750000000000309e+00  9.5790877005516148e-02  1.0893609025984971e+00
      1880  4.7000000000000348e+00  9.5519550360449802e-02  1.0954688231364532e+00
      1890  4.7250000000000387e+00  9.5246760613370527e-02  1.1015579093177275e+00
      1900  4.7500000000000426e+00  9.4972516127097060e-02  1.1076247495181963e+00
      1910  4.7750000000000465e+00  9.4696826244454976e-02  1.1136657587943437e+00
      1920  4.8000000000000504e+00  9.4419701303619145e-02  1.1196771868145277e+00
      1930  4.8250000000000544e+00  9.4141152647473005e-02  1.1256551270887591e+00
      1940  4.8500000000000583e+00  9.3861192627116897e-02  1.1315955272440700e+00
      1950  4.8750000000000622e+00  9.3579834599905925e-02  1.1374942000763140e+00
      1960  4.9000000000000661e+00  9.3297092922642577e-02  1.1433468351132630e+00
      1970  4.9250000000000700e+00  9.3012982940784192e-02  1.1491490104490584e+00
      1980  4.9500000000000739e+00  9.2727520974727906e-02  1.1548962046555366e+00
      1990  4.9750000000000778e+00  9.2440724304392301e-02  1.1605838086388759e+00
      2000  5.0000000000000817e+00  9.2152611153413092e-02  1.1662071373858082e+00
      2010  5.0250000000000856e+00  9.1863200674291864e-02  1.1717614416260455e+00
      2020  5.0500000000000895e+00  9.1572512935779988e-02  1.1772419195192789e+00
      2030  5.0750000000000934e+00  9.1280568913636091e-02  1.1826437285482124e+00
      2040  5.1000000000000973e+00  9.0987390485668719e-02  1.1879619978559172e+00
      2050  5.1250000000001013e+00  9.0693000431674401e-02  1.1931918412995853e+00
      2060  5.1500000000001052e+00  9.0397422438519411e-02  1.1983283714985103e+00
      2070  5.1750000000001091e+00  9.0100681110206907e-02  1.2033667151290733e+00
      2080  5.2000000000001130e+00  8.9802801982349710e-02  1.2083020296636988e+00
      2090  5.2250000000001169e+00  8.9503811540052319e-02  1.2131295216670742e+00
      2100  5.2500000000001208e+00  8.9203737237825861e-02  1.2178444666570774e+00
      2110  5.2750000000001247e+00  8.8902607519836886e-02  1.2224422304178366e+00
      2120  5.3000000000001286e+00  8.8600451838555083e-02  1.2269182915278444e+00
      2130  5.3250000000001325e+00  8.8297300669725120e-02  1.2312682647473999e+00
      2140  5.3500000000001364e+00  8.7993185521563526e-02  1.2354879248070748e+00
      2150  5.3750000000001403e+00  8.7688138936168334e-02  1.2395732300611903e+00
      2160  5.4000000000001442e+00  8.7382194481332161e-02  1.2435203454243366e+00
      2170  5.4250000000001481e+00  8.7075386731250111e-02  1.2473256639987313e+00
      2180  5.4500000000001521e+00  8.6767751235001028e-02  1.2509858268267108e+00
      2190  5.4750000000001560e+00  8.6459324472129065e-02  1.2544977402637392e+00
      2200  5.5000000000001599e+00  8.6150143795139571e-02  1.2578585905580942e+00
      2210  5.5250000000001638e+00  8.5840247359219594e-02  1.2610658553367382e+00
      2220  5.5500000000001677e+00  8.5529674039976587e-02  1.2641173118242398e+00
      2230  5.5750000000001716e+00  8.5218463340431462e-02  1.2670110417538212e+00
      2240  5.6000000000001755e+00  8.4906655288887119e-02  1.2697454330577094e+00
      2250  5.6250000000001794e+00  8.4594290329600738e-02  1.2723191785399676e+00
      2260  5.6500000000001833e+00  8.4281409208409816e-02  1.2747312718323607e+00
      2270  5.6750000000001872e+00  8.3968052855590444e-02  1.2769810010079144e+00
      2280  5.7000000000001911e+00  8.3654262268259871e-02  1.2790679402749647e+00
      2290  5.7250000000001950e+00  8.3340078394580235e-02  1.2809919401959940e+00
      2300  5.7500000000001990e+00  8.3025542021881281e-02  1.2827531168714789e+00
      2310  5.7750000000002029e+00  8.2710693670610807e-02  1.2843518405019275e+00
      2320  5.8000000000002068e+00  8.2395573495753691e-02  1.2857887236950593e+00
      2330  5.8250000000002107e+00  8.2080221197049804e-02  1.2870646098241972e+00
      2340  5.8500000000002146e+00  8.1764675939006190e-02  1.2881805616734732e+00
      2350  5.8750000000002185e+00  8.1448976281348983e-02  1.2891378505303989e+00
      2360  5.9000000000002224e+00  8.1133160120219350e-02  1.2899379458116547e+00
      2370  5.9250000000002263e+00  8.0817264640090541e-02  1.2905825052378812e+00
      2380  5.9500000000002302e+00  8.0501326276087758e-02  1.2910733655115237e+00
      2390  5.9750000000002341e+00  8.0185380686134311e-02  1.2914125334010949e+00
      2400  6.0000000000002380e+00  7.9869462732135846e-02  1.2916021770974798e+00
      2410  6.0250000000002419e+00  7.9553606469252489e-02  1.2916446176839713e+00
      2420  6.0500000000002458e+00  7.9237845142198801e-02  1.2915423205516099e+00
      2430  6.0750000000002498e+00  7.8922211187452130e-02  1.2912978865943130e+00
      2440  6.1000000000002537e+00  7.8606736240241472e-02  1.2909140430327986e+00
      2450  6.1250000000002576e+00  7.8291451145221849e-02  1.2903936337405033e+00
      2460  6.1500000000002615e+00  7.7976385969812933e-02  1.2897396089763544e+00
      2470  6.1750000000002654e+00  7.7661570019283806e-02  1.2889550144659922e+00
      2480  6.2000000000002693e+00  7.7347031852791984e-02  1.2880429798124730e+00
      2490  6.2250000000002732e+00  7.7032799299725696e-02  1.2870067062573454e+00
      2500  6.2500000000002771e+00  7.6718899475845214e-02  1.2858494538512312e+00
      2510  6.2750000000002810e+00  7.6405358798863420e-02  1.2845745281278891e+00
      2520  6.3000000000002849e+00  7.6092203003241579e-02  1.2831852664057590e+00
      2530  6.3250000000002888e+00  7.5779457154097618e-02  1.2816850238651273e+00
      2540  6.3500000000002927e+00  7.5467145660224742e-02  1.2800771595665942e+00
      2550  6.3750000000002967e+00  7.5155292286298066e-02  1.2783650225871727e+00
      2560  6.4000000000003006e+00  7.4843920164402150e-02  1.2765519384540932e+00
      2570  6.4250000000003045e+00  7.4533051805044573e-02  1.2746411960535682e+00
      2580  6.4500000000003084e+00  7.4222709107831026e-02  1.2726360351829468e+00
      2590  6.4750000000003123e+00  7.3912913371969191e-02  1.2705396349006683e+00
      2600  6.5000000000003162e+00  7.3603685306743234e-02  1.2683551028100786e+00
      2610  6.5250000000003201e+00  7.3295045042065667e-02  1.2660854653915369e+00
      2620  6.5500000000003240e+00  7.2987012139169109e-02  1.2637336594732899e+00
      2630  6.5750000000003279e+00  7.2679605601453361e-02  1.2613025249063236e+00
      2640  6.6000000000003318e+00  7.2372843885456038e-02  1.2587947984827023e+00
      2650  6.6250000000003357e+00  7.2066744911871272e-02  1.2562131091116244e+00
      2660  6.6500000000003396e+00  7.1761326076503334e-02  1.2535599742432250e+00
      2670  6.6750000000003435e+00  7.1456604261011572e-02  1.2508377975076754e+00
      2680  6.7000000000003475e+00  7.1152595843283139e-02  1.2480488675168469e+00
      2690  6.7250000000003514e+00  7.0849316707258269e-02  1.2451953577581086e+00
      2700  6.7500000000003553e+00  7.0546782252033608e-02  1.2422793274950561e+00
      2710  6.7750000000003592e+00  7.0245007400076936e-02  1.2393027235782973e+00
      2720  6.8000000000003631e+00  6.9944006604406443e-02  1.2362673830610313e+00
      2730  6.8250000000003670e+00  6.9643793854613491e-02  1.2331750365090660e+00
      2740  6.8500000000003709e+00  6.9344382681641422e-02  1.2300273118930834e+00
      2750  6.8750000000003748e+00  6.9045786161271936e-02  1.2268257389522487e+00
      2760  6.9000000000003787e+00  6.8748016916312040e-02  1.2235717539223832e+00
      2770  6.9250000000003826e+00  6.8451087117518454e-02  1.2202667045285590e+00
      2780  6.9500000000003865e+00  6.8155008483339748e-02  1.2169118551506706e+00
      2790  6.9750000000003904e+00  6.7859792278596954e-02  1.2135083920807833e+00
      2800  7.0000000000003944e+00  6.7565449312261263e-02  1.2100574288023097e+00
      2810  7.0250000000003983e+00  6.7271989934518065e-02  1.2065600112327521e+00
      2820  7.0500000000004022e+00  6.6979424033332237e-02  1.2030171228833460e+00
      2830  7.0750000000004061e+00  6.6687761030746611e-02  1.1994296898999600e+00
      2840  7.1000000000004100e+00  6.6397009879154867e-02  1.1957985859596647e+00
      2850  7.1250000000004139e+00  6.6107179057792366e-02  1.1921246370061901e+00
      2860  7.1500000000004178e+00  6.5818276569681843e-02  1.1884086258148703e+00
      2870  7.1750000000004217e+00  6.5530309939259287e-02  1.1846512963835789e+00
      2880  7.2000000000004256e+00  6.5243286210886757e-02  1.1808533581506227e+00
      2890  7.2250000000004295e+00  6.4957211948437602e-02  1.1770154900437349e+00
      2900  7.2500000000004334e+00  6.4672093236114454e-02  1.1731383443663696e+00
      2910  7.2750000000004373e+00  6.4387935680634411e-02  1.1692225505286826e+00
      2920  7.3000000000004412e+00  6.4104744414890117e-02  1.1652687186311177e+00
      2930  7.3250000000004452e+00  6.3822524103169791e-02  1.1612774429086189e+00
      2940  7.3500000000004491e+00  6.3541278947996517e-02  1.1572493050433319e+00
      2950  7.3750000000004530e+00  6.3261012698626129e-02  1.1531848773533743e+00
      2960  7.4000000000004569e+00  6.2981728661224508e-02  1.1490847258649278e+00
      2970  7.4250000000004608e+00  6.2703429710729947e-02  1.1449494132745535e+00
      2980  7.4500000000004647e+00  6.2426118304392157e-02  1.1407795018082687e+00
      2990  7.4750000000004686e+00  6.2149796496968918e-02  1.1365755559834956e+00
      3000  7.5000000000004725e+00  6.1874465957550639e-02  1.1323381452794665e+00
      3010  7.5250000000004764e+00  6.1600127987975446e-02  1.1280678467210061e+00
      3020  7.5500000000004803e+00  6.1326783542787722e-02  1.1237652473797628e+00
      3030  7.5750000000004842e+00  6.1054433250686445e-02  1.1194309467959636e+00
      3040  7.6000000000004881e+00  6.0783077437400836e-02  1.1150655593225809e+00
      3050  7.6250000000004921e+00  6.0512716149922793e-02  1.1106697163925399e+00
      3060  7.6500000000004960e+00  6.0243349182017603e-02  1.1062440687082761e+00
      3070  7.6750000000004999e+00  5.9974976100925206e-02  1.1017892883516905e+00
      3080  7.7000000000005038e+00  5.9707596275156266e-02  1.0973060708114222e+00
      3090  7.7250000000005077e+00  5.9441208903278053e-02  1.0927951369234468e+00
      3100  7.7500000000005116e+00  5.9175813043577090e-02  1.0882572347203999e+00
      3110  7.7750000000005155e+00  5.8911407644476586e-02  1.0836931411847471e+00
      3120  7.8000000000005194e+00  5.8647991575578627e-02  1.0791036639010249e+00
      3130  7.8250000000005233e+00  5.8385563659192110e-02  1.0744896426028377e+00
      3140  7.8500000000005272e+00  5.8124122702199413e-02  1.0698519506111002e+00
      3150  7.8750000000005311e+00  5.7863667528104681e-02  1.0651914961610861e+00
      3160  7.9000000000005350e+00  5.7604197009097059e-02  1.0605092236171267e+00
      3170  7.9250000000005389e+00  5.7345710097950448e-02  1.0558061145751704e+00
      3180  7.9500000000005429e+00  5.7088205859567690e-02  1.0510831888547684e+00
      3190  7.9750000000005468e+00  5.6831683501962709e-02  1.0463415053832806e+00
      3200  8.0000000000005507e+00  5.6576142406455171e-02  1.0415821629760374e+00
      3210  8.0250000000005457e+00  5.6321582156832365e-02  1.0368063010167716e+00
      3220  8.0500000000005407e+00  5.6068002567208864e-02  1.0320151000426649e+00
      3230  8.0750000000005357e+00  5.5815403708288648e-02  1.0272097822377799e+00
      3240  8.1000000000005308e+00  5.5563785931704586e-02  1.0223916118373063e+00
      3250  8.1250000000005258e+00  5.5313149892078845e-02  1.0175618954428771e+00
      3260  8.1500000000005208e+00  5.5063496566414386e-02  1.0127219822461150e+00
      3270  8.1750000000005159e+00  5.4814827270394029e-02  1.0078732641535056e+00
      3280  8.2000000000005109e+00  5.4567143671129710e-02  1.0030171758006214e+00
      3290  8.2250000000005059e+00  5.4320447795873295e-02  9.9815519443769123e-01
      3300  8.2500000000005009e+00  5.4074742036173424e-02  9.9328883966157332e-01
      3310  8.2750000000004960e+00  5.3830029146941426e-02  9.8841967296149022e-01
      3320  8.3000000000004910e+00  5.3586312239877456e-02  9.8354929703764581e-01
      3330  8.3250000000004860e+00  5.3343594770708522e-02  9.7867935484335794e-01
      3340  8.3500000000004810e+00  5.3101880519703759e-02  9.7381152829298488e-01
      3350  8.3750000000004761e+00  5.2861173564965484e-02  9.6894753657019573e-01
      3360  8.4000000000004711e+00  5.2621478248048080e-02  9.6408913396456955e-01
      3370  8.4250000000004661e+00  5.2382799131533678e-02  9.5923810715974547e-01
      3380  8.4500000000004611e+00  5.2145140948296984e-02  9.5439627189403826e-01
      3390  8.4750000000004562e+00  5.1908508542322119e-02  9.4956546891525666e-01
      3400  8.5000000000004512e+00  5.1672906801093216e-02  9.4474755915604818e-01
      3410  8.5250000000004462e+00  5.1438340579766535e-02  9.3994441806498008e-01
      3420  8.5500000000004412e+00  5.1204814617544245e-02  9.3515792904216597e-01
      3430  8.5750000000004363e+00  5.0972333446903874e-02  9.3038997594675858e-01
      3440  8.6000000000004313e+00  5.0740901296588772e-02  9.2564243466701265e-01
      3450  8.6250000000004263e+00  5.0510521989526370e-02  9.2091716377155285e-01
      3460  8.6500000000004214e+00  5.0281198837105136e-02  9.1621599429231865e-01
      3470  8.6750000000004164e+00  5.0052934531496688e-02  9.1154071872443498e-01
      3480  8.7000000000004114e+00  4.9825731037948300e-02  9.0689307936471911e-01
      3490  8.7250000000004064e+00  4.9599589489179021e-02  9.0227475614713963e-01
      3500  8.7500000000004015e+00  4.9374510084181077e-02  8.9768735416856753e-01
      3510  8.7750000000003965e+00  4.9150491993844025e-02  8.9313239112974913e-01
      3520  8.8000000000003915e+00  4.8927533275874333e-02  8.8861128494273386e-01
      3530  8.8250000000003865e+00  4.8705630801467784e-02  8.8412534177523710e-01
      3540  8.8500000000003816e+00  4.8484780196102584e-02  8.7967574481309379e-01
      3550  8.8750000000003766e+00  4.8264975796651976e-02  8.7526354402283846e-01
      3560  8.9000000000003716e+00  4.8046210626768341e-02  8.7088964718678235e-01
      3570  8.9250000000003666e+00  4.7828476392169029e-02  8.6655481246248210e-01
      3580  8.9500000000003617e+00  4.7611763497064190e-02  8.6225964268750122e-01
      3590  8.9750000000003567e+00  4.7396061082518978e-02  8.5800458160972118e-01
      3600  9.0000000000003517e+00  4.7181357087049409e-02  8.5378991217455814e-01
      3610  9.0250000000003467e+00  4.6967638329229574e-02  8.4961575694516803e-01
      3620  9.0500000000003418e+00  4.6754890611552216e-02  8.4548208067231595e-01
      3630  9.0750000000003368e+00  4.6543098844257110e-02  8.4138869496957976e-01
      3640  9.1000000000003318e+00  4.6332247187335943e-02  8.3733526498954431e-01
      3650  9.1250000000003268e+00  4.6122319208460634e-02  8.3332131794024434e-01
      3660  9.1500000000003219e+00  4.5913298054176187e-02  8.2934625323070117e-01
      3670  9.1750000000003169e+00  4.5705166631366383e-02  8.2540935399208541e-01
      3680  9.2000000000003119e+00  4.5497907795749351e-02  8.2150979968845978e-01
      3690  9.2250000000003070e+00  4.5291504543999497e-02  8.1764667950936007e-01
      3700  9.2500000000003020e+00  4.5085940206025155e-02  8.1381900622625095e-01
      3710  9.2750000000002970e+00  4.4881198633958804e-02  8.1002573019612773e-01
      3720  9.3000000000002920e+00  4.4677264384535009e-02  8.0626575320771267e-01
      3730  9.3250000000002871e+00  4.4474122891734145e-02  8.0253794188775957e-01
      3740  9.3500000000002821e+00  4.4271760626847148e-02  7.9884114041550051e-01
      3750  9.3750000000002771e+00  4.4070165243457517e-02  7.9517418233048754e-01
      3760  9.4000000000002721e+00  4.3869325705227653e-02  7.9153590126106600e-01
      3770  9.4250000000002672e+00  4.3669232394801946e-02  7.8792514044542901e-01
      3780  9.4500000000002622e+00  4.3469877202586019e-02  7.8434076096267490e-01
      3790  9.4750000000002572e+00  4.3271253594614004e-02  7.8078164863565062e-01
      3800  9.5000000000002522e+00  4.3073356659160670e-02  7.7724671960898493e-01
      3810  9.5250000000002473e+00  4.2876183132181197e-02  7.7373492464323060e-01
      3820  9.5500000000002423e+00  4.2679731402055564e-02  7.7024525219837861e-01
      3830  9.5750000000002373e+00  4.2484001494470893e-02  7.6677673040649033e-01
      3840  9.6000000000002323e+00  4.2288995038584934e-02  7.6332842805339282e-01
      3850  9.6250000000002274e+00  4.2094715215873793e-02  7.5989945470324607e-01
      3860  9.6500000000002224e+00  4.1901166693274416e-02  7.5648896010749731e-01
      3870  9.6750000000002174e+00  4.1708355542386111e-02  7.5309613304171598e-01
      3880  9.7000000000002125e+00  4.1516289146597938e-02  7.4972019971067277e-01
      3890  9.7250000000002075e+00  4.1324976098061422e-02  7.4636042185452147e-01
      3900  9.7500000000002025e+00  4.1134426086435817e-02  7.4301609467788883e-01
      3910  9.7750000000001975e+00  4.0944649781300037e-02  7.3968654470994551e-01
      3920  9.8000000000001926e+00  4.0755658710057548e-02  7.3637112768796549e-01
      3930  9.8250000000001876e+00  4.0567465133062849e-02  7.3306922654030678e-01
      3940  9.8500000000001826e+00  4.0380081917577469e-02  7.2978024952790711e-01
      3950  9.8750000000001776e+00  4.0193522412025642e-02  7.2650362858695468e-01
      3960  9.9000000000001727e+00  4.0007800321868707e-02  7.2323881789990508e-01
      3970  9.9250000000001677e+00  3.9822929588261151e-02  7.1998529270794706e-01
      3980  9.9500000000001627e+00  3.9638924270490908e-02  7.1674254836567279e-01
      3990  9.9750000000001577e+00  3.9455798433049635e-02  7.1351009962833637e-01
      4000  1.0000000000000153e+01  3.9273566038025994e-02  7.1028748015377685e-01
