         0  0.0000000000000000e+00  1.2500000000000000e-01  3.7500000000000000e-01
        10  2.4999999999999998e-02  1.2495313277148449e-01  3.7488379217773527e-01
        20  5.0000000000000010e-02  1.2490627702092806e-01  3.7481633498765551e-01
        30  7.5000000000000025e-02  1.2485942666244150e-01  3.7479752361271528e-01
        40  1.0000000000000005e-01  1.2481257562467681e-01  3.7482728070820472e-01
        50  1.2500000000000006e-01  1.2476571785093422e-01  3.7490555613278049e-01
        60  1.5000000000000008e-01  1.2471884730053500e-01  3.7503232668140785e-01
        70  1.7500000000000010e-01  1.2467195795129045e-01  3.7520759581734344e-01
        80  2.0000000000000012e-01  1.2462504380286946e-01  3.7543139339983310e-01
        90  2.2500000000000014e-01  1.2457809888084007e-01  3.7570377540384930e-01
       100  2.5000000000000017e-01  1.2453111724114109e-01  3.7602482362797523e-01
       110  2.7500000000000019e-01  1.2448409297472740e-01  3.7639464538646768e-01
       120  3.0000000000000021e-01  1.2443702021212771e-01  3.7681337318158908e-01
       130  3.2500000000000023e-01  1.2438989312765624e-01  3.7728116435249764e-01
       140  3.5000000000000026e-01  1.2434270594302830e-01  3.7779820069729710e-01
       150  3.7500000000000028e-01  1.2429545293014834e-01  3.7836468806528485e-01
       160  4.0000000000000030e-01  1.2424812841285960e-01  3.7898085591695030e-01
       170  4.2500000000000032e-01  1.2420072676747079e-01  3.7964695684986526e-01
       180  4.5000000000000034e-01  1.2415324242191013e-01  3.8036326608925851e-01
       190  4.7500000000000037e-01  1.2410566985338818e-01  3.8113008094272778e-01
       200  5.0000000000000033e-01  1.2405800358449045e-01  3.8194772021922482e-01
       210  5.2499999999999980e-01  1.2401023817765648e-01  3.8281652361310434e-01
       220  5.4999999999999927e-01  1.2396236822804277e-01  3.8373685105466581e-01
       230  5.7499999999999873e-01  1.2391438835480073e-01  3.8470908202918114e-01
       240  5.9999999999999820e-01  1.2386629319084015e-01  3.8573361486693048e-01
       250  6.2499999999999767e-01  1.2381807737117743e-01  3.8681086600718778e-01
       260  6.4999999999999714e-01  1.2376973552000082e-01  3.8794126923946441e-01
       270  6.7499999999999660e-01  1.2372126223660936e-01  3.8912527492557272e-01
       280  6.9999999999999607e-01  1.2367265208040361e-01  3.9036334920623938e-01
       290  7.2499999999999554e-01  1.2362389955512517e-01  3.9165597319607749e-01
       300  7.4999999999999500e-01  1.2357499909255318e-01  3.9300364217070229e-01
       310  7.7499999999999447e-01  1.2352594503587640e-01  3.9440686474967965e-01
       320  7.9999999999999394e-01  1.2347673162296022e-01  3.9586616207879874e-01
       330  8.2499999999999341e-01  1.2342735296973118e-01  3.9738206701491266e-01
       340  8.4999999999999287e-01  1.2337780305389409e-01  3.9895512331625773e-01
       350  8.7499999999999234e-01  1.2332807569919002e-01  4.0058588484078315e-01
       360  8.9999999999999181e-01  1.2327816456039134e-01  4.0227491475459744e-01
       370  9.2499999999999127e-01  1.2322806310921584e-01  4.0402278475217473e-01
       380  9.4999999999999074e-01  1.2317776462132501e-01  4.0583007428947838e-01
       390  9.7499999999999021e-01  1.2312726216455218e-01  4.0769736983065497e-01
       400  9.9999999999998967e-01  1.2307654858848672e-01  4.0962526410844789e-01
       410  1.0249999999999893e+00  1.2302561651551837e-01  4.1161435539797462e-01
       420  1.0499999999999887e+00  1.2297445833342490e-01  4.1366524680302472e-01
       430  1.0749999999999882e+00  1.2292306618956273e-01  4.1577854555356232e-01
       440  1.0999999999999877e+00  1.2287143198669942e-01  4.1795486231267761e-01
       450  1.1249999999999871e+00  1.2281954738050683e-01  4.2019481049082735e-01
       460  1.1499999999999866e+00  1.2276740377871005e-01  4.2249900556482400e-01
       470  1.1749999999999861e+00  1.2271499234187389e-01  4.2486806439872317e-01
       480  1.1999999999999855e+00  1.2266230398578384e-01  4.2730260456345530e-01
       490  1.2249999999999850e+00  1.2260932938537073e-01  4.2980324365184064e-01
       500  1.2499999999999845e+00  1.2255605898010641e-01  4.3237059858541720e-01
       510  1.2749999999999839e+00  1.2250248298079191e-01  4.3500528490940258e-01
       520  1.2999999999999834e+00  1.2244859137764418e-01  4.3770791607201246e-01
       530  1.3249999999999829e+00  1.2239437394958248e-01  4.4047910268434628e-01
       540  1.3499999999999823e+00  1.2233982027460712e-01  4.4331945175707446e-01
       550  1.3749999999999818e+00  1.2228491974115850e-01  4.4622956591025274e-01
       560  1.3999999999999813e+00  1.2222966156034270e-01  4.4921004255274481e-01
       570  1.4249999999999807e+00  1.2217403477890612e-01  4.5226147302795303e-01
       580  1.4499999999999802e+00  1.2211802829284481e-01  4.5538444172286010e-01
       590  1.4749999999999797e+00  1.2206163086153316e-01  4.5857952513776676e-01
       600  1.4999999999999791e+00  1.2200483112226046e-01  4.6184729091458891e-01
       610  1.5249999999999786e+00  1.2194761760506759e-01  4.6518829682216144e-01
       620  1.5499999999999781e+00  1.2188997874778036e-01  4.6860308969769500e-01
       630  1.5749999999999775e+00  1.2183190291114332e-01  4.7209220434435869e-01
       640  1.5999999999999770e+00  1.2177337839396011e-01  4.7565616238590212e-01
       650  1.6249999999999765e+00  1.2171439344815829e-01  4.7929547108033125e-01
       660  1.6499999999999759e+00  1.2165493629369713e-01  4.8301062209585267e-01
       670  1.6749999999999754e+00  1.2159499513324976e-01  4.8680209025365788e-01
       680  1.6999999999999749e+00  1.2153455816659234e-01  4.9067033224355466e-01
       690  1.7249999999999743e+00  1.2147361360464369e-01  4.9461578532001002e-01
       700  1.7499999999999738e+00  1.2141214968310195e-01  4.9863886598776270e-01
       710  1.7749999999999733e+00  1.2135015467563242e-01  5.0273996868780777e-01
       720  1.7999999999999727e+00  1.2128761690656557e-01  5.0691946449618245e-01
       730  1.8249999999999722e+00  1.2122452476306753e-01  5.1117769984955083e-01
       740  1.8499999999999717e+00  1.2116086670675228e-01  5.1551499531307248e-01
       750  1.8749999999999711e+00  1.2109663128470416e-01  5.1993164440735177e-01
       760  1.8999999999999706e+00  1.2103180713988657e-01  5.2442791251241285e-01
       770  1.9249999999999701e+00  1.2096638302091072e-01  5.2900403586751911e-01
       780  1.9499999999999695e+00  1.2090034779114283e-01  5.3366022068627549e-01
       790  1.9749999999999690e+00  1.2083369043712762e-01  5.3839664240673628e-01
       800  1.9999999999999685e+00  1.2076640007630797e-01  5.4321344509619596e-01
       810  2.0249999999999679e+00  1.2069846596401923e-01  5.4811074102992459e-01
       820  2.0499999999999674e+00  1.2062987749973988e-01  5.5308861046234373e-01
       830  2.0749999999999669e+00  1.2056062423257670e-01  5.5814710160799252e-01
       840  2.0999999999999663e+00  1.2049069586596651e-01  5.6328623084816780e-01
       850  2.1249999999999658e+00  1.2042008226157449e-01  5.6850598317731668e-01
       860  2.1499999999999653e+00  1.2034877344237153e-01  5.7380631290119144e-01
       870  2.1749999999999647e+00  1.2027675959487337e-01  5.7918714459645941e-01
       880  2.1999999999999642e+00  1.2020403107052556e-01  5.8464837433896718e-01
       890  2.2249999999999637e+00  1.2013057838622200e-01  5.9018987120523756e-01
       900  2.2499999999999631e+00  1.2005639222394587e-01  5.9581147904908627e-01
       910  2.2749999999999626e+00  1.1998146342952556e-01  6.0151301855254513e-01
       920  2.2999999999999621e+00  1.1990578301050282e-01  6.0729428954764124e-01
       930  2.3249999999999615e+00  1.1982934213311335e-01  6.1315507360303076e-01
       940  2.3499999999999610e+00  1.1975213211838521e-01  6.1909513686710622e-01
       950  2.3749999999999605e+00  1.1967414443736566e-01  6.2511423315700632e-01
       960  2.3999999999999599e+00  1.1959537070549224e-01  6.3121210728099448e-01
       970  2.4249999999999594e+00  1.1951580267612756e-01  6.3738849857995991e-01
       980  2.4499999999999589e+00  1.1943543223328535e-01  6.4364314467235399e-01
       990  2.4749999999999583e+00  1.1935425138357698e-01  6.4997578538568183e-01
      1000  2.4999999999999578e+00  1.1927225224741382e-01  6.5638616685673633e-01
      1010  2.5249999999999573e+00  1.1918942704950526e-01  6.6287404578206470e-01
      1020  2.5499999999999567e+00  1.1910576810869379e-01  6.6943919379964151e-01
      1030  2.5749999999999562e+00  1.1902126782717230e-01  6.7608140198238342e-01
      1040  2.5999999999999557e+00  1.1893591867913083e-01  6.8280048542390591e-01
      1050  2.6249999999999551e+00  1.1884971319888000e-01  6.8959628789675981e-01
      1060  2.6499999999999546e+00  1.1876264396849808e-01  6.9646868656323569e-01
      1070  2.6749999999999541e+00  1.1867470360504919e-01  7.0341759671867538e-01
      1080  2.6999999999999535e+00  1.1858588474741664e-01  7.1044297654700878e-01
      1090  2.7249999999999530e+00  1.1849618004279394e-01  7.1754483186797208e-01
      1100  2.7499999999999525e+00  1.1840558213287174e-01  7.2472322085512906e-01
      1110  2.7749999999999519e+00  1.1831408363975543e-01  7.3197825870346024e-01
      1120  2.7999999999999514e+00  1.1822167715164340e-01  7.3931012222494588e-01
      1130  2.8249999999999509e+00  1.1812835520829010e-01  7.4671905435032538e-01
      1140  2.8499999999999504e+00  1.1803411028627484e-01  7.5420536851518183e-01
      1150  2.8749999999999498e+00  1.1793893478408877e-01  7.6176945290875550e-01
      1160  2.8999999999999493e+00  1.1784282100704921e-01  7.6941177456459334e-01
      1170  2.9249999999999488e+00  1.1774576115204594e-01  7.7713288327336153e-01
      1180  2.9499999999999482e+00  1.1764774729211467e-01  7.8493341529993727e-01
      1190  2.9749999999999477e+00  1.1754877136083500e-01  7.9281409688929687e-01
      1200  2.9999999999999472e+00  1.1744882513653954e-01  8.0077574754853005e-01
      1210  3.0249999999999466e+00  1.1734790022632352e-01  8.0881928309539383e-01
      1220  3.0499999999999461e+00  1.1724598804983812e-01  8.1694571846668242e-01
      1230  3.0749999999999456e+00  1.1714307982285255e-01  8.2515617028187470e-01
      1240  3.0999999999999450e+00  1.1703916654056998e-01  8.3345185915829224e-01
      1250  3.1249999999999445e+00  1.1693423896068537e-01  8.4183411177264939e-01
      1260  3.1499999999999440e+00  1.1682828758618056e-01  8.5030436265968438e-01
      1270  3.1749999999999434e+00  1.1672130264785791e-01  8.5886415573092545e-01
      1280  3.1999999999999429e+00  1.1661327408662704e-01  8.6751514548532806e-01
      1290  3.2249999999999424e+00  1.1650419153557719e-01  8.7625909786866900e-01
      1300  3.2499999999999418e+00  1.1639404430188362e-01  8.8509789072091742e-01
      1310  3.2749999999999413e+00  1.1628282134862448e-01  8.9403351373174398e-01
      1320  3.2999999999999408e+00  1.1617051127661119e-01  9.0306806780585033e-01
      1330  3.3249999999999402e+00  1.1605710230636769e-01  9.1220376372447366e-01
      1340  3.3499999999999397e+00  1.1594258226042936e-01  9.2144291998008189e-01
      1350  3.3749999999999392e+00  1.1582693854616650e-01  9.3078795966077440e-01
      1360  3.3999999999999386e+00  1.1571015813937414e-01  9.4024140627171029e-01
      1370  3.4249999999999381e+00  1.1559222756889982e-01  9.4980587840464007e-01
      1380  3.4499999999999376e+00  1.1547313290261012e-01  9.5948408320386557e-01
      1390  3.4749999999999370e+00  1.1535285973501153e-01  9.6927880862672830e-01
      1400  3.4999999999999365e+00  1.1523139317685310e-01  9.7919291455665277e-01
      1410  3.5249999999999360e+00  1.1510871784703073e-01  9.8922932289290179e-01
      1420  3.5499999999999354e+00  1.1498481786709729e-01  9.9939100680856620e-01
      1430  3.5749999999999349e+00  1.1485967685865150e-01  1.0096809794311518e+00
      1440  3.5999999999999344e+00  1.1473327794383368e-01  1.0201022822526398e+00
      1450  3.6249999999999338e+00  1.1460560374910332e-01  1.0306579736127808e+00
      1460  3.6499999999999333e+00  1.1447663641241114e-01  1.0413511176164017e+00
      1470  3.6749999999999328e+00  1.1434635759381387e-01  1.0521847738399443e+00
      1480  3.6999999999999322e+00  1.1421474848951744e-01  1.0631619881532635e+00
      1490  3.7249999999999317e+00  1.1408178984927593e-01  1.0742857849305009e+00
      1500  3.7499999999999312e+00  1.1394746199703225e-01  1.0855591608505867e+00
      1510  3.7749999999999306e+00  1.1381174485465530e-01  1.0969850803963781e+00
      1520  3.7999999999999301e+00  1.1367461796862306e-01  1.1085664730547920e+00
      1530  3.8249999999999296e+00  1.1353606053951608e-01  1.1203062321013703e+00
      1540  3.8499999999999290e+00  1.1339605145422355e-01  1.1322072147238535e+00
      1550  3.8749999999999285e+00  1.1325456932083180e-01  1.1442722431021785e+00
      1560  3.8999999999999280e+00  1.1311159250624903e-01  1.1565041059180702e+00
      1570  3.9249999999999274e+00  1.1296709917672896e-01  1.1689055596176040e+00
      1580  3.9499999999999269e+00  1.1282106734157839e-01  1.1814793285974063e+00
      1590  3.9749999999999264e+00  1.1267347490046581e-01  1.1942281033345075e+00
      1600  3.9999999999999258e+00  1.1252429969488349e-01  1.2071545353395158e+00
      1610  4.0249999999999293e+00  1.1237351956444555e-01  1.2202612276950370e+00
      1620  4.0499999999999332e+00  1.1222111240881821e-01  1.2335507198626642e+00
      1630  4.0749999999999371e+00  1.1206705625616404e-01  1.2470254654225491e+00
      1640  4.0999999999999410e+00  1.1191132933902789e-01  1.2606878014717597e+00
      1650  4.1249999999999449e+00  1.1175391017858218e-01  1.2745399085731518e+00
      1660  4.1499999999999488e+00  1.1159477767806186e-01  1.2885837604333182e+00
      1670  4.1749999999999527e+00  1.1143391122604576e-01  1.3028210629067467e+00
      1680  4.1999999999999567e+00  1.1127129080995215e-01  1.3172531824722068e+00
      1690  4.2249999999999606e+00  1.1110689713969929e-01  1.3318810649899672e+00
      1700  4.2499999999999645e+00  1.1094071178092287e-01  1.3467051462901647e+00
      1710  4.2749999999999684e+00  1.1077271729642871e-01  1.3617252569101671e+00
      1720  4.2999999999999723e+00  1.1060289739369395e-01  1.3769405240214116e+00
      1730  4.3249999999999762e+00  1.1043123707522770e-01  1.3923492741798104e+00
      1740  4.3499999999999801e+00  1.1025772278749715e-01  1.4079489409078552e+00
      1750  4.3749999999999840e+00  1.1008234256297332e-01  1.4237359811835994e+00
      1760  4.3999999999999879e+00  1.0990508614873989e-01  1.4397058045995972e+00
      1770  4.4249999999999918e+00  1.0972594511415272e-01  1.4558527182200372e+00
      1780  4.4499999999999957e+00  1.0954491292938916e-01  1.4721698890052167e+00
      1790  4.4749999999999996e+00  1.0936198500654208e-01  1.4886493241413175e+00
      1800  4.5000000000000036e+00  1.0917715869539339e-01  1.5052818678238290e+00
      1810  4.5250000000000075e+00  1.0899043322730221e-01  1.5220572111712940e+00
      1820  4.5500000000000114e+00  1.0880180960292250e-01  1.5389639102245649e+00
      1830  4.5750000000000153e+00  1.0861129042278930e-01  1.5559894056858992e+00
      1840  4.6000000000000192e+00  1.0841887966416336e-01  1.5731200374524556e+00
      1850  4.6250000000000231e+00  1.0822458241274671e-01  1.5903410473515386e+00
      1860  4.6500000000000270e+00  1.0802840456365796e-01  1.6076365649660699e+00
      1870  4.6750000000000309e+00  1.0783035251190386e-01  1.6249895740988480e+00
      1880  4.7000000000000348e+00  1.0763043285786045e-01  1.6423818611439399e+00
      1890  4.7250000000000387e+00  1.0742865215721679e-01  1.6597939510943746e+00
      1900  4.7500000000000426e+00  1.0722501674663345e-01  1.6772050415963656e+00
      1910  4.7750000000000465e+00  1.0701953267525925e-01  1.6945929496731379e+00
      1920  4.8000000000000504e+00  1.0681220576766115e-01  1.7119340887091819e+00
      1930  4.8250000000000544e+00  1.0660304183538624e-01  1.7292034942643573e+00
      1940  4.8500000000000583e+00  1.0639204704247745e-01  1.7463749157163764e+00
      1950  4.8750000000000622e+00  1.0617922841551629e-01  1.7634209863860385e+00
      1960  4.9000000000000661e+00  1.0596459447244741e-01  1.7803134779128859e+00
      1970  4.9250000000000700e+00  1.0574815592830481e-01  1.7970236359471986e+00
      1980  4.9500000000000739e+00  1.0552992642207994e-01  1.8135225848678572e+00
      1990  4.9750000000000778e+00  1.0530992319944699e-01  1.8297817806397520e+00
      2000  5.0000000000000817e+00  1.0508816768268443e-01  1.8457734844923547e+00
      2010  5.0250000000000856e+00  1.0486468586305508e-01  1.8614712269266821e+00
      2020  5.0500000000000895e+00  1.0463950846236571e-01  1.8768502321766974e+00
      2030  5.0750000000000934e+00  1.0441267082862728e-01  1.8918877775145499e+00
      2040  5.1000000000000973e+00  1.0418421255390644e-01  1.9065634689052662e+00
      2050  5.1250000000001013e+00  1.0395417682808503e-01  1.9208594232515146e+00
      2060  5.1500000000001052e+00  1.0372260956744967e-01  1.9347603564466013e+00
      2070  5.1750000000001091e+00  1.0348955837897792e-01  1.9482535844618251e+00
      2080  5.2000000000001130e+00  1.0325507143744871e-01  1.9613289509055903e+00
      2090  5.2250000000001169e+00  1.0301919636136402e-01  1.9739786985429901e+00
      2100  5.2500000000001208e+00  1.0278197917422821e-01  1.9861973041921189e+00
      2110  5.2750000000001247e+00  1.0254346342999380e-01  1.9979812964949998e+00
      2120  5.3000000000001286e+00  1.0230368956626977e-01  2.0093290746410767e+00
      2130  5.3250000000001325e+00  1.0206269452779589e-01  2.0202407434883717e+00
      2140  5.3500000000001364e+00  1.0182051167792427e-01  2.0307179768826422e+00
      2150  5.3750000000001403e+00  1.0157717099006272e-01  2.0407639164847708e+00
      2160  5.4000000000001442e+00  1.0133269948701865e-01  2.0503831083116355e+00
      2170  5.4250000000001481e+00  1.0108712187651771e-01  2.0595814738577705e+00
      2180  5.4500000000001521e+00  1.0084046131783572e-01  2.0683663076555324e+00
      2190  5.4750000000001560e+00  1.0059274024855002e-01  2.0767462891342477e+00
      2200  5.5000000000001599e+00  1.0034398120189140e-01  2.0847314943256819e+00
      2210  5.5250000000001638e+00  1.0009420755309697e-01  2.0923333928175101e+00
      2220  5.5500000000001677e+00  9.9843444145862457e-02  2.0995648175104165e+00
      2230  5.5750000000001716e+00  9.9591717765479625e-02  2.1064398988758334e+00
      2240  5.6000000000001755e+00  9.9339057441582234e-02  2.1129739608009184e+00
      2250  5.6250000000001794e+00  9.9085494578938564e-02  2.1191833807145677e+00
      2260  5.6500000000001833e+00  9.8831062928144568e-02  2.1250854214192781e+00
      2270  5.6750000000001872e+00  9.8575798418494771e-02  2.1306980450130328e+00
      2280  5.7000000000001911e+00  9.8319738882212605e-02  2.1360397199984396e+00
      2290  5.7250000000001950e+00  9.8062923702480311e-02  2.1411292312051507e+00
      2300  5.7500000000001990e+00  9.7805393417562733e-02  2.1459854990659527e+00
      2310  5.7750000000002029e+00  9.7547189310413937e-02  2.1506274109944213e+00
      2320  5.8000000000002068e+00  9.7288353008378228e-02  2.1550736640965909e+00
      2330  5.8250000000002107e+00  9.7028926111896282e-02  2.1593426159990564e+00
      2340  5.8500000000002146e+00  9.6768949865290425e-02  2.1634521395895399e+00
      2350  5.8750000000002185e+00  9.6508464877178719e-02  2.1674194778949077e+00
      2360  5.9000000000002224e+00  9.6247510893000865e-02  2.1712610967654626e+00
      2370  5.9250000000002263e+00  9.5986126617495555e-02  2.1749925349396976e+00
      2380  5.9500000000002302e+00  9.5724349580782354e-02  2.1786282529450891e+00
      2390  5.9750000000002341e+00  9.5462216038227633e-02  2.1821814838818849e+00
      2400  6.0000000000002380e+00  9.5199760892019805e-02  2.1856640904186169e+00
      2410  6.0250000000002419e+00  9.4937017621904489e-02  2.1890864334291082e+00
      2420  6.0500000000002458e+00  9.4674018214188453e-02  2.1924572587332749e+00
      2430  6.0750000000002498e+00  9.4410793081790842e-02  2.1957836093170671e+00
      2440  6.1000000000002537e+00  9.4147370973107381e-02  2.1990707709345693e+00
      2450  6.1250000000002576e+00  9.3883778872641279e-02  2.2023222587311052e+00
      2460  6.1500000000002615e+00  9.3620041900495399e-02  2.2055398510947065e+00
      2470  6.1750000000002654e+00  9.3356183219955646e-02  2.2087236741953184e+00
      2480  6.2000000000002693e+00  9.3092223962136763e-02  2.2118723368140457e+00
      2490  6.2250000000002732e+00  9.2828183174299747e-02  2.2149831106655647e+00
      2500  6.2500000000002771e+00  9.2564077794830906e-02  2.2180521472667039e+00
      2510  6.2750000000002810e+00  9.2299922654058789e-02  2.2210747192896802e+00
      2520  6.3000000000002849e+00  9.2035730497015233e-02  2.2240454728035235e+00
      2530  6.3250000000002888e+00  9.1771512022438066e-02  2.2269586769929704e+00
      2540  6.3500000000002927e+00  9.1507275931768216e-02  2.2298084595651440e+00
      2550  6.3750000000002967e+00  9.1243028982210460e-02  2.2325890185178484e+00
      2560  6.4000000000003006e+00  9.0978776038543829e-02  2.2352948035653364e+00
      2570  6.4250000000003045e+00  9.0714520118854029e-02  2.2379206627560492e+00
      2580  6.4500000000003084e+00  9.0450262429620864e-02  2.2404619514386059e+00
      2590  6.4750000000003123e+00  9.0186002385922154e-02  2.2429146018548503e+00
      2600  6.5000000000003162e+00  8.9921737613461894e-02  2.2452751526385902e+00
      2610  6.5250000000003201e+00  8.9657463931257362e-02  2.2475407388229406e+00
      2620  6.5500000000003240e+00  8.9393175317418335e-02  2.2497090449116140e+00
      2630  6.5750000000003279e+00  8.9128863865332234e-02  2.2517782261502922e+00
      2640  6.6000000000003318e+00  8.8864519743005026e-02  2.2537468059914809e+00
      2650  6.6250000000003357e+00  8.8600131173145026e-02  2.2556135602582281e+00
      2660  6.6500000000003396e+00  8.8335684454511487e-02  2.2573773999736799e+00
      2670  6.6750000000003435e+00  8.8071164044964117e-02  2.2590372646755104e+00
      2680  6.7000000000003475e+00  8.7806552722939535e-02  2.2605920360614680e+00
      2690  6.7250000000003514e+00  8.7541831836869395e-02  2.2620404782447146e+00
      2700  6.7500000000003553e+00  8.7276981642238108e-02  2.2633812063836561e+00
      2710  6.7750000000003592e+00  8.7011981715072561e-02  2.2646126809075832e+00
      2720  6.8000000000003631e+00  8.6746811420508507e-02  2.2657332209438861e+00
      2730  6.8250000000003670e+00  8.6481450407460737e-02  2.2667410286191921e+00
      2740  6.8500000000003709e+00  8.6215879096663076e-02  2.2676342160167990e+00
      2750  6.8750000000003748e+00  8.5950079130023185e-02  2.2684108286058212e+00
      2760  6.9000000000003787e+00  8.5684033754069747e-02  2.2690688623451127e+00
      2770  6.9250000000003826e+00  8.5417728118173434e-02  2.2696062755332204e+00
      2780  6.9500000000003865e+00  8.5151149477561679e-02  2.2700209998568025e+00
      2790  6.9750000000003904e+00  8.4884287300111588e-02  2.2703109571504051e+00
      2800  7.0000000000003944e+00  8.4617133282911562e-02  2.2704740886095334e+00
      2810  7.0250000000003983e+00  8.4349681288632144e-02  2.2705084015189431e+00
      2820  7.0500000000004022e+00  8.4081927212636494e-02  2.2704120353350117e+00
      2830  7.0750000000004061e+00  8.3813868790092857e-02  2.2701833449188870e+00
      2840  7.1000000000004100e+00  8.3545505349369896e-02  2.2698209947777206e+00
      2850  7.1250000000004139e+00  8.3276837515255025e-02  2.2693240552561925e+00
      2860  7.1500000000004178e+00  8.3007866864492102e-02  2.2686920904538304e+00
      2870  7.1750000000004217e+00  8.2738595537781093e-02  2.2679252285952340e+00
      2880  7.2000000000004256e+00  8.2469025816952926e-02  2.2670242085772295e+00
      2890  7.2250000000004295e+00  8.2199159682931443e-02  2.2659904009409517e+00
      2900  7.2500000000004334e+00  8.1928998377970432e-02  2.2648258066896525e+00
      2910  7.2750000000004373e+00  8.1658542002697230e-02  2.2635330421177345e+00
      2920  7.3000000000004412e+00  8.1387789182822989e-02  2.2621153210679153e+00
      2930  7.3250000000004452e+00  8.1116736840469613e-02  2.2605764469605840e+00
      2940  7.3500000000004491e+00  8.0845380100127923e-02  2.2589208251370095e+00
      2950  7.3750000000004530e+00  8.0573712349471310e-02  2.2571535016652317e+00
      2960  7.4000000000004569e+00  8.0301725461777139e-02  2.2552802284729092e+00
      2970  7.4250000000004608e+00  8.0029410171545230e-02  2.2533075476527666e+00
      2980  7.4500000000004647e+00  7.9756756580500880e-02  2.2512428814449334e+00
      2990  7.4750000000004686e+00  7.9483754759949767e-02  2.2490946101270058e+00
      3000  7.5000000000004725e+00  7.9210395409306978e-02  2.2468721189159580e+00
      3010  7.5250000000004764e+00  7.8936670530471638e-02  2.2445857975245995e+00
      3020  7.5500000000004803e+00  7.8662574083278250e-02  2.2422469820253586e+00
      3030  7.5750000000004842e+00  7.8388102597012283e-02  2.2398678372299510e+00
      3040  7.6000000000004881e+00  7.8113255724479576e-02  2.2374611873634133e+00
      3050  7.6250000000004921e+00  7.7838036735482302e-02  2.2350403115175220e+00
      3060  7.6500000000004960e+00  7.7562452953130026e-02  2.2326187263469862e+00
      3070  7.6750000000004999e+00  7.7286516137501048e-02  2.2302099802732416e+00
      3080  7.7000000000005038e+00  7.7010242816534452e-02  2.2278274804299876e+00
      3090  7.7250000000005077e+00  7.6733654555151843e-02  2.2254843661287076e+00
      3100  7.7500000000005116e+00  7.6456778143422220e-02  2.2231934322831176e+00
      3110  7.7750000000005155e+00  7.6179645676753881e-02  2.2209670954885698e+00
      3120  7.8000000000005194e+00  7.5902294498855868e-02  2.2188173872253964e+00
      3130  7.8250000000005233e+00  7.5624766983040683e-02  2.2167559555469327e+00
      3140  7.8500000000005272e+00  7.5347110137992088e-02  2.2147940600386665e+00
      3150  7.8750000000005311e+00  7.5069375035882892e-02  2.2129425542767616e+00
      3160  7.9000000000005350e+00  7.4791616066749991e-02  2.2112118626942777e+00
      3170  7.9250000000005389e+00  7.4513890015985611e-02  2.2096119699917508e+00
      3180  7.9500000000005429e+00  7.4236254936917306e-02  2.2081524455283629e+00
      3190  7.9750000000005468e+00  7.3958768748734548e-02  2.2068425179913291e+00
      3200  8.0000000000005507e+00  7.3681487440492166e-02  2.2056911954693532e+00
      3210  8.0250000000005457e+00  7.3404462721708082e-02  2.2047073956562020e+00
      3220  8.0500000000005407e+00  7.3127738951572279e-02  2.2039000178290878e+00
      3230  8.0750000000005357e+00  7.2851349223880797e-02  2.2032778635134585e+00
      3240  8.1000000000005308e+00  7.2575310597291468e-02  2.2028493080401103e+00
      3250  8.1250000000005258e+00  7.2299618638767537e-02  2.2026216490584536e+00
      3260  8.1500000000005208e+00  7.2024241670710496e-02  2.2026001122585506e+00
      3270  8.1750000000005159e+00  7.1749115338664526e-02  2.2027865719221155e+00
      3280  8.2000000000005109e+00  7.1474138293440522e-02  2.2031781287574479e+00
      3290  8.2250000000005059e+00  7.1199169855126328e-02  2.2037657586914729e+00
      3300  8.2500000000005009e+00  7.0924030456244292e-02  2.2045332828240374e+00
      3310  8.2750000000004960e+00  7.0648505433009554e-02  2.2054568956525776e+00
      3320  8.3000000000004910e+00  7.0372352366515411e-02  2.2065054220963404e+00
      3330  8.3250000000004860e+00  7.0095311721877473e-02  2.2076413631847613e+00
      3340  8.3500000000004810e+00  6.9817120068712978e-02  2.2088226566809146e+00
      3350  8.3750000000004761e+00  6.9537524774548045e-02  2.2100049504474958e+00
      3360  8.4000000000004711e+00  6.9256298817171645e-02  2.2111440910951154e+00
      3370  8.4250000000004661e+00  6.8973254309311291e-02  2.2121984894620138e+00
      3380  8.4500000000004611e+00  6.8688253479384618e-02  2.2131310467095692e+00
      3390  8.4750000000004562e+00  6.8401216177452581e-02  2.2139104051298287e+00
      3400  8.5000000000004512e+00  6.8112123416747226e-02  2.2145114085032541e+00
      3410  8.5250000000004462e+00  6.7821016941505361e-02  2.2149147924355006e+00
      3420  8.5500000000004412e+00  6.7527995253132841e-02  2.2151062482083236e+00
      3430  8.5750000000004363e+00  6.7233206864528854e-02  2.2150750913814271e+00
      3440  8.6000000000004313e+00  6.6936841746873315e-02  2.2148128048362695e+00
      3450  8.6250000000004263e+00  6.6639121973699201e-02  2.2143117125932515e+00
      3460  8.6500000000004214e+00  6.6340292470442909e-02  2.2135639837325685e+00
      3470  8.6750000000004164e+00  6.6040612581136952e-02  2.2125610811459181e+00
      3480  8.7000000000004114e+00  6.5740348915138954e-02  2.2112936772484737e+00
      3490  8.7250000000004064e+00  6.5439769683328266e-02  2.2097519767707482e+00
      3500  8.7500000000004015e+00  6.5139140513728234e-02  2.2079263290777622e+00
      3510  8.7750000000003965e+00  6.4838721575413902e-02  2.2058079857944012e+00
      3520  8.8000000000003915e+00  6.4538765745442442e-02  2.2033898630673276e+00
      3530  8.8250000000003865e+00  6.4239517521301101e-02  2.2006671946988200e+00
      3540  8.8500000000003816e+00  6.3941212396773677e-02  2.1976380022558346e+00
      3550  8.8750000000003766e+00  6.3644076464305767e-02  2.1943033501593488e+00
      3560  8.9000000000003716e+00  6.3348326065313175e-02  2.1906673888605691e+00
      3570  8.9250000000003666e+00  6.3054167369343721e-02  2.1867372124513775e+00
      3580  8.9500000000003617e+00  6.2761795817036679e-02  2.1825225675846342e+00
      3590  8.9750000000003567e+00  6.2471395408485554e-02  2.1780354510140283e+00
      3600  9.0000000000003517e+00  6.2183137858387004e-02  2.1732896279569834e+00
      3610  9.0250000000003467e+00  6.1897181672803110e-02  2.1683000975482825e+00
      3620  9.0500000000003418e+00  6.1613671228470424e-02  2.1630825282798906e+00
      3630  9.0750000000003368e+00  6.1332735951478360e-02  2.1576526868050972e+00
      3640  9.1000000000003318e+00  6.1054489694045026e-02  2.1520258870327059e+00
      3650  9.1250000000003268e+00  6.0779030393164724e-02  2.1462164908521960e+00
      3660  9.1500000000003219e+00  6.0506440062914366e-02  2.1402374944982140e+00
      3670  9.1750000000003169e+00  6.0236785126749864e-02  2.1341002333762734e+00
      3680  9.2000000000003119e+00  5.9970117044333684e-02  2.1278142321178105e+00
      3690  9.2250000000003070e+00  5.9706473138637150e-02  2.1213872159267837e+00
      3700  9.2500000000003020e+00  5.9445877492623351e-02  2.1148252851257605e+00
      3710  9.2750000000002970e+00  5.9188341767918747e-02  2.1081332389684804e+00
      3720  9.3000000000002920e+00  5.8933865803911017e-02  2.1013150191518707e+00
      3730  9.3250000000002871e+00  5.8682437883677964e-02  2.0943742297714741e+00
      3740  9.3500000000002821e+00  5.8434034598224732e-02  2.0873146801863721e+00
      3750  9.3750000000002771e+00  5.8188620295373511e-02  2.0801408915892407e+00
      3760  9.4000000000002721e+00  5.7946146156211512e-02  2.0728585079667130e+00
      3770  9.4250000000002672e+00  5.7706548992919528e-02  2.0654745582580747e+00
      3780  9.4500000000002622e+00  5.7469749901539743e-02  2.0579975291329088e+00
      3790  9.4750000000002572e+00  5.7235652928471798e-02  2.0504372265299384e+00
      3800  9.5000000000002522e+00  5.7004143918995774e-02  2.0428044276835811e+00
      3810  9.5250000000002473e+00  5.6775089710370211e-02  2.0351103515673846e+00
      3820  9.5500000000002423e+00  5.6548337812686713e-02  2.0273660013315269e+00
      3830  9.5750000000002373e+00  5.6323716690096313e-02  2.0195814536378103e+00
      3840  9.6000000000002323e+00  5.6101036716186478e-02  2.0117651830336259e+00
      3850  9.6250000000002274e+00  5.5880091833456429e-02  2.0039235116501510e+00
      3860  9.6500000000002224e+00  5.5660661901513395e-02  1.9960602640669828e+00
      3870  9.6750000000002174e+00  5.5442515675304911e-02  1.9881766847126661e+00
      3880  9.7000000000002125e+00  5.5225414316679216e-02  1.9802716434119946e+00
      3890  9.7250000000002075e+00  5.5009115312502539e-02  1.9723421182217839e+00
      3900  9.7500000000002025e+00  5.4793376652232596e-02  1.9643839091173126e+00
      3910  9.7750000000001975e+00  5.4577961107923861e-02  1.9563925069437027e+00
      3920  9.8000000000001926e+00  5.4362640459645862e-02  1.9483640237138444e+00
      3930  9.8250000000001876e+00  5.4147199517785105e-02  1.9402960851982412e+00
      3940  9.8500000000001826e+00  5.3931439808590718e-02  1.9321885948033848e+00
      3950  9.8750000000001776e+00  5.3715182808341717e-02  1.9240442967201913e+00
      3960  9.9000000000001727e+00  5.3498272632631520e-02  1.9158690923581241e+00
      3970  9.9250000000001677e+00  5.3280578109045225e-02  1.9076720925558338e+00
      3980  9.9500000000001627e+00  5.3061994183247686e-02  1.8994654146126649e+00
      3990  9.9750000000001577e+00  5.2842442630199247e-02  1.8912637545068570e+00
      4000  1.0000000000000153e+01  5.2621872064320365e-02  1.8830837789805765e+00
