         0  0.0000000000000000e+00  1.2500000000000000e-01  3.7500000000000000e-01
        10  2.4999999999999998e-02  1.2497656418871762e-01  3.7495409710468486e-01
        20  5.0000000000000010e-02  1.2495312972175318e-01  3.7495697846297179e-01
        30  7.5000000000000025e-02  1.2492969355232901e-01  3.7500861237803732e-01
        40  1.0000000000000005e-01  1.2490625263795902e-01  3.7510899469572499e-01
        50  1.2500000000000006e-01  1.2488280394228075e-01  3.7525814867473008e-01
        60  1.5000000000000008e-01  1.2485934443814893e-01  3.7545612485827183e-01
        70  1.7500000000000010e-01  1.2483587111182616e-01  3.7570300094459199e-01
        80  2.0000000000000012e-01  1.2481238096807693e-01  3.7599888165313563e-01
        90  2.2500000000000014e-01  1.2478887103594140e-01  3.7634389858288334e-01
       100  2.5000000000000017e-01  1.2476533837494404e-01  3.7673821005905844e-01
       110  2.7500000000000019e-01  1.2474178008147911e-01  3.7718200096432628e-01
       120  3.0000000000000021e-01  1.2471819329510510e-01  3.7767548255062671e-01
       130  3.2500000000000023e-01  1.2469457520448399e-01  3.7821889222796381e-01
       140  3.5000000000000026e-01  1.2467092305270608e-01  3.7881249332676413e-01
       150  3.7500000000000028e-01  1.2464723414175886e-01  3.7945657483084458e-01
       160  4.0000000000000030e-01  1.2462350583591502e-01  3.8015145107853062e-01
       170  4.2500000000000032e-01  1.2459973556384714e-01  3.8089746143008182e-01
       180  4.5000000000000034e-01  1.2457592081930241e-01  3.8169496990021883e-01
       190  4.7500000000000037e-01  1.2455205916020826e-01  3.8254436475524619e-01
       200  5.0000000000000033e-01  1.2452814820611558e-01  3.8344605807496402e-01
       210  5.2499999999999980e-01  1.2450418563392695e-01  3.8440048528026641e-01
       220  5.4999999999999927e-01  1.2448016917189400e-01  3.8540810462798295e-01
       230  5.7499999999999873e-01  1.2445609659190871e-01  3.8646939667515128e-01
       240  5.9999999999999820e-01  1.2443196570014937e-01  3.8758486371546402e-01
       250  6.2499999999999767e-01  1.2440777432617661e-01  3.8875502919112164e-01
       260  6.4999999999999714e-01  1.2438352031060831e-01  3.8998043708372847e-01
       270  6.7499999999999660e-01  1.2435920149152769e-01  3.9126165128817333e-01
       280  6.9999999999999607e-01  1.2433481568980612e-01  3.9259925497366234e-01
       290  7.2499999999999554e-01  1.2431036069353759e-01  3.9399384993617516e-01
       300  7.4999999999999500e-01  1.2428583424180168e-01  3.9544605594665866e-01
       310  7.7499999999999447e-01  1.2426123400797682e-01  3.9695651009918245e-01
       320  7.9999999999999394e-01  1.2423655758283620e-01  3.9852586616314483e-01
       330  8.2499999999999341e-01  1.2421180245765497e-01  4.0015479394336440e-01
       340  8.4999999999999287e-01  1.2418696600755736e-01  4.0184397865159797e-01
       350  8.7499999999999234e-01  1.2416204547532353e-01  4.0359412029264956e-01
       360  8.9999999999999181e-01  1.2413703795586512e-01  4.0540593306781520e-01
       370  9.2499999999999127e-01  1.2411194038156378e-01  4.0728014479794096e-01
       380  9.4999999999999074e-01  1.2408674950865234e-01  4.0921749636788247e-01
       390  9.7499999999999021e-01  1.2406146190479459e-01  4.1121874119362402e-01
       400  9.9999999999998967e-01  1.2403607393800480e-01  4.1328464471280226e-01
       410  1.0249999999999893e+00  1.2401058176701962e-01  4.1541598389882892e-01
       420  1.0499999999999887e+00  1.2398498133321809e-01  4.1761354679829940e-01
       430  1.0749999999999882e+00  1.2395926835415716e-01  4.1987813209084515e-01
       440  1.0999999999999877e+00  1.2393343831877008e-01  4.2221054867010465e-01
       450  1.1249999999999871e+00  1.2390748648425282e-01  4.2461161524402086e-01
       460  1.1499999999999866e+00  1.2388140787463892e-01  4.2708215995222470e-01
       470  1.1749999999999861e+00  1.2385519728104592e-01  4.2962301999786650e-01
       480  1.1999999999999855e+00  1.2382884926355552e-01  4.3223504129087563e-01
       490  1.2249999999999850e+00  1.2380235815467363e-01  4.3491907809928931e-01
       500  1.2499999999999845e+00  1.2377571806429824e-01  4.3767599270497057e-01
       510  1.2749999999999839e+00  1.2374892288611283e-01  4.4050665505975982e-01
       520  1.2999999999999834e+00  1.2372196630530820e-01  4.4341194243783923e-01
       530  1.3249999999999829e+00  1.2369484180752794e-01  4.4639273907985357e-01
       540  1.3499999999999823e+00  1.2366754268892332e-01  4.4944993582411892e-01
       550  1.3749999999999818e+00  1.2364006206719946e-01  4.5258442972005893e-01
       560  1.3999999999999813e+00  1.2361239289352964e-01  4.5579712361884326e-01
       570  1.4249999999999807e+00  1.2358452796521193e-01  4.5908892573606217e-01
       580  1.4499999999999802e+00  1.2355645993894432e-01  4.6246074918118821e-01
       590  1.4749999999999797e+00  1.2352818134459344e-01  4.6591351144852558e-01
       600  1.4999999999999791e+00  1.2349968459933584e-01  4.6944813386438968e-01
       610  1.5249999999999786e+00  1.2347096202205483e-01  4.7306554098538234e-01
       620  1.5499999999999781e+00  1.2344200584787894e-01  4.7676665994287363e-01
       630  1.5749999999999775e+00  1.2341280824275894e-01  4.8055241972920292e-01
       640  1.5999999999999770e+00  1.2338336131798017e-01  4.8442375042165920e-01
       650  1.6249999999999765e+00  1.2335365714452065e-01  4.8838158234107471e-01
       660  1.6499999999999759e+00  1.2332368776716953e-01  4.9242684514283772e-01
       670  1.6749999999999754e+00  1.2329344521832931e-01  4.9656046683933974e-01
       680  1.6999999999999749e+00  1.2326292153143335e-01  5.0078337275433233e-01
       690  1.7249999999999743e+00  1.2323210875391843e-01  5.0509648441135663e-01
       700  1.7499999999999738e+00  1.2320099895969935e-01  5.0950071836033823e-01
       710  1.7749999999999733e+00  1.2316958426109953e-01  5.1399698494856420e-01
       720  1.7999999999999727e+00  1.2313785682019921e-01  5.1858618704456634e-01
       730  1.8249999999999722e+00  1.2310580885956746e-01  5.2326921872585847e-01
       740  1.8499999999999717e+00  1.2307343267235158e-01  5.2804696394398505e-01
       750  1.8749999999999711e+00  1.2304072063170094e-01  5.3292029518284409e-01
       760  1.8999999999999706e+00  1.2300766519950509e-01  5.3789007212869735e-01
       770  1.9249999999999701e+00  1.2297425893443195e-01  5.4295714037261091e-01
       780  1.9499999999999695e+00  1.2294049449925061e-01  5.4812233016817786e-01
       790  1.9749999999999690e+00  1.2290636466742841e-01  5.5338645526923390e-01
       800  1.9999999999999685e+00  1.2287186232899095e-01  5.5875031187378534e-01
       810  2.0249999999999679e+00  1.2283698049563328e-01  5.6421467770149838e-01
       820  2.0499999999999674e+00  1.2280171230507388e-01  5.6978031123280451e-01
       830  2.0749999999999669e+00  1.2276605102463955e-01  5.7544795113791995e-01
       840  2.0999999999999663e+00  1.2272999005407088e-01  5.8121831592385221e-01
       850  2.1249999999999658e+00  1.2269352292753706e-01  5.8709210382678309e-01
       860  2.1499999999999653e+00  1.2265664331484985e-01  5.9306999297608723e-01
       870  2.1749999999999647e+00  1.2261934502186479e-01  5.9915264185469385e-01
       880  2.1999999999999642e+00  1.2258162199005988e-01  6.0534069007860152e-01
       890  2.2249999999999637e+00  1.2254346829528346e-01  6.1163475951615086e-01
       900  2.2499999999999631e+00  1.2250487814566404e-01  6.1803545576522078e-01
       910  2.2749999999999626e+00  1.2246584587867704e-01  6.2454337000391976e-01
       920  2.2999999999999621e+00  1.2242636595736759e-01  6.3115908122768311e-01
       930  2.3249999999999615e+00  1.2238643296573095e-01  6.3788315888301148e-01
       940  2.3499999999999610e+00  1.2234604160325873e-01  6.4471616590550568e-01
       950  2.3749999999999605e+00  1.2230518667866006e-01  6.5165866216738689e-01
       960  2.3999999999999599e+00  1.2226386310277524e-01  6.5871120833744183e-01
       970  2.4249999999999594e+00  1.2222206588070326e-01  6.6587437015429806e-01
       980  2.4499999999999589e+00  1.2217979010316925e-01  6.7314872311214487e-01
       990  2.4749999999999583e+00  1.2213703093716310e-01  6.8053485755647537e-01
      1000  2.4999999999999578e+00  1.2209378361588579e-01  6.8803338418609245e-01
      1010  2.5249999999999573e+00  1.2205004342804172e-01  6.9564493995644393e-01
      1020  2.5499999999999567e+00  1.2200580570652075e-01  7.0337019437827127e-01
      1030  2.5749999999999562e+00  1.2196106581651328e-01  7.1120985620444542e-01
      1040  2.5999999999999557e+00  1.2191581914310399e-01  7.1916468049665024e-01
      1050  2.6249999999999551e+00  1.2187006107838887e-01  7.2723547606211238e-01
      1060  2.6499999999999546e+00  1.2182378700815767e-01  7.3542311324878116e-01
      1070  2.6749999999999541e+00  1.2177699229818182e-01  7.4372853208512818e-01
      1080  2.6999999999999535e+00  1.2172967228014233e-01  7.5215275074800640e-01
      1090  2.7249999999999530e+00  1.2168182223722521e-01  7.6069687433876289e-01
      1100  2.7499999999999525e+00  1.2163343738940680e-01  7.6936210394408823e-01
      1110  2.7749999999999519e+00  1.2158451287843966e-01  7.7814974595401606e-01
      1120  2.7999999999999514e+00  1.2153504375254214e-01  7.8706122160530086e-01
      1130  2.8249999999999509e+00  1.2148502495078231e-01  7.9609807671442498e-01
      1140  2.8499999999999504e+00  1.2143445128713625e-01  8.0526199156121176e-01
      1150  2.8749999999999498e+00  1.2138331743418812e-01  8.1455479088205538e-01
      1160  2.8999999999999493e+00  1.2133161790642700e-01  8.2397845393183124e-01
      1170  2.9249999999999488e+00  1.2127934704308357e-01  8.3353512457637916e-01
      1180  2.9499999999999482e+00  1.2122649899043863e-01  8.4322712138367244e-01
      1190  2.9749999999999477e+00  1.2117306768352226e-01  8.5305694769170979e-01
      1200  2.9999999999999472e+00  1.2111904682711634e-01  8.6302730164458303e-01
      1210  3.0249999999999466e+00  1.2106442987596181e-01  8.7314108620395404e-01
      1220  3.0499999999999461e+00  1.2100921001407050e-01  8.8340141915926186e-01
      1230  3.0749999999999456e+00  1.2095338013303580e-01  8.9381164317304174e-01
      1240  3.0999999999999450e+00  1.2089693280924157e-01  9.0437533590355264e-01
      1250  3.1249999999999445e+00  1.2083986027987386e-01  9.1509632024050160e-01
      1260  3.1499999999999440e+00  1.2078215441765543e-01  9.2597867466623908e-01
      1270  3.1749999999999434e+00  1.2072380670424303e-01  9.3702674371061027e-01
      1280  3.1999999999999429e+00  1.2066480820226255e-01  9.4824514840115315e-01
      1290  3.2249999999999424e+00  1.2060514952599496e-01  9.5963879652330386e-01
      1300  3.2499999999999418e+00  1.2054482081078454e-01  9.7121289240362185e-01
      1310  3.2749999999999413e+00  1.2048381168130821e-01  9.8297294582299704e-01
      1320  3.2999999999999408e+00  1.2042211121892288e-01  9.9492477957038465e-01
      1330  3.3249999999999402e+00  1.2035970792840225e-01  1.0070745350772772e+00
      1340  3.3499999999999397e+00  1.2029658970446987e-01  1.0194286755453921e+00
      1350  3.3749999999999392e+00  1.2023274379863920e-01  1.0319939860089743e+00
      1360  3.3999999999999386e+00  1.2016815678696976e-01  1.0447775698672031e+00
      1370  3.4249999999999381e+00  1.2010281453943370e-01  1.0577868415822545e+00
      1380  3.4499999999999376e+00  1.2003670219165903e-01  1.0710295154562345e+00
      1390  3.4749999999999370e+00  1.1996980411985601e-01  1.0845135906580123e+00
      1400  3.4999999999999365e+00  1.1990210391974554e-01  1.0982473329441725e+00
      1410  3.5249999999999360e+00  1.1983358439028215e-01  1.1122392537778627e+00
      1420  3.5499999999999354e+00  1.1976422752290243e-01  1.1264980877661996e+00
      1430  3.5749999999999349e+00  1.1969401449693282e-01  1.1410327694863768e+00
      1440  3.5999999999999344e+00  1.1962292568167274e-01  1.1558524108359996e+00
      1450  3.6249999999999338e+00  1.1955094064552601e-01  1.1709662800178082e+00
      1460  3.6499999999999333e+00  1.1947803817241943e-01  1.1863837831565715e+00
      1470  3.6749999999999328e+00  1.1940419628561873e-01  1.2021144493581319e+00
      1480  3.6999999999999322e+00  1.1932939227895836e-01  1.2181679197730512e+00
      1490  3.7249999999999317e+00  1.1925360275545048e-01  1.2345539409346721e+00
      1500  3.7499999999999312e+00  1.1917680367324383e-01  1.2512823623125151e+00
      1510  3.7749999999999306e+00  1.1909897039897303e-01  1.2683631376568217e+00
      1520  3.7999999999999301e+00  1.1902007776867478e-01  1.2858063292996190e+00
      1530  3.8249999999999296e+00  1.1894010015664106e-01  1.3036221141069873e+00
      1540  3.8499999999999290e+00  1.1885901155282721e-01  1.3218207892322257e+00
      1550  3.8749999999999285e+00  1.1877678564970371e-01  1.3404127751965018e+00
      1560  3.8999999999999280e+00  1.1869339593972531e-01  1.3594086131390439e+00
      1570  3.9249999999999274e+00  1.1860881582484378e-01  1.3788189523789512e+00
      1580  3.9499999999999269e+00  1.1852301873969419e-01  1.3986545237955948e+00
      1590  3.9749999999999264e+00  1.1843597829019475e-01  1.4189260940776770e+00
      1600  3.9999999999999258e+00  1.1834766840928576e-01  1.4396443957498120e+00
      1610  4.0249999999999293e+00  1.1825806353136495e-01  1.4608200282049183e+00
      1620  4.0499999999999332e+00  1.1816713878661483e-01  1.4824633258794932e+00
      1630  4.0749999999999371e+00  1.1807487021584010e-01  1.5045841912922696e+00
      1640  4.0999999999999410e+00  1.1798123500559778e-01  1.5271918929389274e+00
      1650  4.1249999999999449e+00  1.1788621174228543e-01  1.5502948309161818e+00
      1660  4.1499999999999488e+00  1.1778978068240341e-01  1.5739002764478816e+00
      1670  4.1749999999999527e+00  1.1769192403439443e-01  1.5980140949009695e+00
      1680  4.1999999999999567e+00  1.1759262624523276e-01  1.6226404650046828e+00
      1690  4.2249999999999606e+00  1.1749187428226084e-01  1.6477816093388315e+00
      1700  4.2499999999999645e+00  1.1738965789764276e-01  1.6734375522158670e+00
      1710  4.2749999999999684e+00  1.1728596985926652e-01  1.6996059203459588e+00
      1720  4.2999999999999723e+00  1.1718080612814338e-01  1.7262817987372250e+00
      1730  4.3249999999999762e+00  1.1707416595861113e-01  1.7534576489203829e+00
      1740  4.3499999999999801e+00  1.1696605189445636e-01  1.7811232888585794e+00
      1750  4.3749999999999840e+00  1.1685646963216926e-01  1.8092659242560395e+00
      1760  4.3999999999999879e+00  1.1674542772290094e-01  1.8378702103329092e+00
      1770  4.4249999999999918e+00  1.1663293708847113e-01  1.8669183129214013e+00
      1780  4.4499999999999957e+00  1.1651901033518032e-01  1.8963899298691825e+00
      1790  4.4749999999999996e+00  1.1640366086325795e-01  1.9262622304405635e+00
      1800  4.5000000000000036e+00  1.1628690179009598e-01  1.9565096739339270e+00
      1810  4.5250000000000075e+00  1.1616874473170731e-01  1.9871036808889659e+00
      1820  4.5500000000000114e+00  1.1604919851756605e-01  2.0180121517977682e+00
      1830  4.5750000000000153e+00  1.1592826794600621e-01  2.0491988582223147e+00
      1840  4.6000000000000192e+00  1.1580595271573259e-01  2.0806227664909906e+00
      1850  4.6250000000000231e+00  1.1568224668718098e-01  2.1122373891258042e+00
      1860  4.6500000000000270e+00  1.1555713762796588e-01  2.1439902863107618e+00
      1870  4.6750000000000309e+00  1.1543060757243240e-01  2.1758228508329961e+00
      1880  4.7000000000000348e+00  1.1530263387182380e-01  2.2076704981636952e+00
      1890  4.7250000000000387e+00  1.1517319092903588e-01  2.2394633456702844e+00
      1900  4.7500000000000426e+00  1.1504225250747366e-01  2.2711274042345079e+00
      1910  4.7750000000000465e+00  1.1490979439189234e-01  2.3025862312743833e+00
      1920  4.8000000000000504e+00  1.1477579708133237e-01  2.3337629210229266e+00
      1930  4.8250000000000544e+00  1.1464024813384022e-01  2.3645822522341713e+00
      1940  4.8500000000000583e+00  1.1450314377977006e-01  2.3949727884466496e+00
      1950  4.8750000000000622e+00  1.1436448948574957e-01  2.4248687373007364e+00
      1960  4.9000000000000661e+00  1.1422429928154582e-01  2.4542114195997298e+00
      1970  4.9250000000000700e+00  1.1408259383891925e-01  2.4829502642177698e+00
      1980  4.9500000000000739e+00  1.1393939748546438e-01  2.5110433159574657e+00
      1990  4.9750000000000778e+00  1.1379473451295142e-01  2.5384573053043355e+00
      2000  5.0000000000000817e+00  1.1364862526724940e-01  2.5651673716970731e+00
      2010  5.0250000000000856e+00  1.1350108256306930e-01  2.5911565517379679e+00
      2020  5.0500000000000895e+00  1.1335210894142495e-01  2.6164151427836957e+00
      2030  5.0750000000000934e+00  1.1320169518346846e-01  2.6409400365851482e+00
      2040  5.1000000000000973e+00  1.1304982032531619e-01  2.6647340946651155e+00
      2050  5.1250000000001013e+00  1.1289645320877605e-01  2.6878056136150058e+00
      2060  5.1500000000001052e+00  1.1274155538499791e-01  2.7101679079653826e+00
      2070  5.1750000000001091e+00  1.1258508499942948e-01  2.7318390198494086e+00
      2080  5.2000000000001130e+00  1.1242700116262161e-01  2.7528415440524281e+00
      2090  5.2250000000001169e+00  1.1226726827624243e-01  2.7732025302410923e+00
      2100  5.2500000000001208e+00  1.1210585984001398e-01  2.7929533924202552e+00
      2110  5.2750000000001247e+00  1.1194276139210987e-01  2.8121297283763884e+00
      2120  5.3000000000001286e+00  1.1177797239482582e-01  2.8307709445910595e+00
      2130  5.3250000000001325e+00  1.1161150702924066e-01  2.8489196091889327e+00
      2140  5.3500000000001364e+00  1.1144339398113579e-01  2.8666205206032385e+00
      2150  5.3750000000001403e+00  1.1127367538018793e-01  2.8839195697469873e+00
      2160  5.4000000000001442e+00  1.1110240510439004e-01  2.9008625604149525e+00
      2170  5.4250000000001481e+00  1.1092964669117934e-01  2.9174942028955757e+00
      2180  5.4500000000001521e+00  1.1075547110482519e-01  2.9338574843775390e+00
      2190  5.4750000000001560e+00  1.1057995458619205e-01  2.9499935420386657e+00
      2200  5.5000000000001599e+00  1.1040317674990710e-01  2.9659420404503188e+00
      2210  5.5250000000001638e+00  1.1022521900683814e-01  2.9817419223921871e+00
      2220  5.5500000000001677e+00  1.1004616330758414e-01  2.9974323041952245e+00
      2230  5.5750000000001716e+00  1.0986609116048575e-01  3.0130532540587430e+00
      2240  5.6000000000001755e+00  1.0968508289122004e-01  3.0286462306725651e+00
      2250  5.6250000000001794e+00  1.0950321716175182e-01  3.0442540494485820e+00
      2260  5.6500000000001833e+00  1.0932057080767269e-01  3.0599203473401553e+00
      2270  5.6750000000001872e+00  1.0913721903665482e-01  3.0756885982326284e+00
      2280  5.7000000000001911e+00  1.0895323593865234e-01  3.0916007713187532e+00
      2290  5.7250000000001950e+00  1.0876869511849667e-01  3.1076957329171283e+00
      2300  5.7500000000001990e+00  1.0858367013748630e-01  3.1240074951741350e+00
      2310  5.7750000000002029e+00  1.0839823441020372e-01  3.1405634410146778e+00
      2320  5.8000000000002068e+00  1.0821246028168200e-01  3.1573827121817865e+00
      2330  5.8250000000002107e+00  1.0802641719157512e-01  3.1744750152656824e+00
      2340  5.8500000000002146e+00  1.0784016905406809e-01  3.1918401352461077e+00
      2350  5.8750000000002185e+00  1.0765377116657024e-01  3.2094684014692266e+00
      2360  5.9000000000002224e+00  1.0746726704810005e-01  3.2273422057335526e+00
      2370  5.9250000000002263e+00  1.0728068558493862e-01  3.2454384470634922e+00
      2380  5.9500000000002302e+00  1.0709403875740011e-01  3.2637315354816366e+00
      2390  5.9750000000002341e+00  1.0690732009411389e-01  3.2821964119111168e+00
      2400  6.0000000000002380e+00  1.0672050390226478e-01  3.3008110062053529e+00
      2410  6.0250000000002419e+00  1.0653354527978463e-01  3.3195576899572822e+00
      2420  6.0500000000002458e+00  1.0634638091955825e-01  3.3384235547836153e+00
      2430  6.0750000000002498e+00  1.0615893073225862e-01  3.3573996761874015e+00
      2440  6.1000000000002537e+00  1.0597110030463949e-01  3.3764797991700027e+00
      2450  6.1250000000002576e+00  1.0578278415013490e-01  3.3956590118076992e+00
      2460  6.1500000000002615e+00  1.0559386959994763e-01  3.4149329164109485e+00
      2470  6.1750000000002654e+00  1.0540424105037081e-01  3.4342975920651278e+00
      2480  6.2000000000002693e+00  1.0521378416307271e-01  3.4537503511569895e+00
      2490  6.2250000000002732e+00  1.0502238954499896e-01  3.4732910313899372e+00
      2500  6.2500000000002771e+00  1.0482995543639915e-01  3.4929234178845489e+00
      2510  6.2750000000002810e+00  1.0463638901523220e-01  3.5126563879196138e+00
      2520  6.3000000000002849e+00  1.0444160607424459e-01  3.5325044839956060e+00
      2530  6.3250000000002888e+00  1.0424552902310477e-01  3.5524877795750055e+00
      2540  6.3500000000002927e+00  1.0404808338658418e-01  3.5726310334747043e+00
      2550  6.3750000000002967e+00  1.0384919318403003e-01  3.5929621927847242e+00
      2560  6.4000000000003006e+00  1.0364877575965444e-01  3.6135103076133695e+00
      2570  6.4250000000003045e+00  1.0344673676529639e-01  3.6343029093357498e+00
      2580  6.4500000000003084e+00  1.0324296606116434e-01  3.6553629317721997e+00
      2590  6.4750000000003123e+00  1.0303733528767294e-01  3.6767053524330687e+00
      2600  6.5000000000003162e+00  1.0282969777308078e-01  3.6983338858148582e+00
      2610  6.5250000000003201e+00  1.0261989128264551e-01  3.7202382195319321e+00
      2620  6.5500000000003240e+00  1.0240774389149009e-01  3.7423923762740486e+00
      2630  6.5750000000003279e+00  1.0219308297932012e-01  3.7647547526970122e+00
      2640  6.6000000000003318e+00  1.0197574700490319e-01  3.7872702086667844e+00
      2650  6.6250000000003357e+00  1.0175559933437154e-01  3.8098742767479470e+00
      2660  6.6500000000003396e+00  1.0153254300024416e-01  3.8324991842560411e+00
      2670  6.6750000000003435e+00  1.0130653491102076e-01  3.8550809958062105e+00
      2680  6.7000000000003475e+00  1.0107759778677122e-01  3.8775668628267018e+00
      2690  6.7250000000003514e+00  1.0084582804102080e-01  3.8999211746371842e+00
      2700  6.7500000000003553e+00  1.0061139802228114e-01  3.9221294041501801e+00
      2710  6.7750000000003592e+00  1.0037455148953667e-01  3.9441986760024413e+00
      2720  6.8000000000003631e+00  1.0013559189361779e-01  3.9661545678512426e+00
      2730  6.8250000000003670e+00  9.9894863891958411e-02  3.9880343404199121e+00
      2740  6.8500000000003709e+00  9.9652729429168789e-02  4.0098775604233972e+00
      2750  6.8750000000003748e+00  9.9409540554779769e-02  4.0317157549070421e+00
      2760  6.9000000000003787e+00  9.9165611816287342e-02  4.0535631224051978e+00
      2770  6.9250000000003826e+00  9.8921195464317598e-02  4.0754102809409970e+00
      2780  6.9500000000003865e+00  9.8676462741398258e-02  4.0972225175753431e+00
      2790  6.9750000000003904e+00  9.8431494095688845e-02  4.1189431129704499e+00
      2800  7.0000000000003944e+00  9.8186280181446727e-02  4.1405012491684196e+00
      2810  7.0250000000003983e+00  9.7940733965833172e-02  4.1618230158603791e+00
      2820  7.0500000000004022e+00  9.7694712289070826e-02  4.1828433264898853e+00
      2830  7.0750000000004061e+00  9.7448043151478511e-02  4.2035162761233775e+00
      2840  7.1000000000004100e+00  9.7200553335687947e-02  4.2238216615361446e+00
      2850  7.1250000000004139e+00  9.6952090289095260e-02  4.2437660119019916e+00
      2860  7.1500000000004178e+00  9.6702532933325379e-02  4.2633774684698626e+00
      2870  7.1750000000004217e+00  9.6451788338177305e-02  4.2826950791102105e+00
      2880  7.2000000000004256e+00  9.6199774634708509e-02  4.3017543494566997e+00
      2890  7.2250000000004295e+00  9.5946394346926361e-02  4.3205719567678071e+00
      2900  7.2500000000004334e+00  9.5691505461477291e-02  4.3391330954714623e+00
      2910  7.2750000000004373e+00  9.5434899076397659e-02  4.3573847566632607e+00
      2920  7.3000000000004412e+00  9.5176291804839968e-02  4.3752372878643840e+00
      2930  7.3250000000004452e+00  9.4915338256264780e-02  4.3925749985901654e+00
      2940  7.3500000000004491e+00  9.4651664441145466e-02  4.4092747215915413e+00
      2950  7.3750000000004530e+00  9.4384917817378800e-02  4.4252295220645985e+00
      2960  7.4000000000004569e+00  9.4114825059188543e-02  4.4403735061371417e+00
      2970  7.4250000000004608e+00  9.3841245572597044e-02  4.4547031067546937e+00
      2980  7.4500000000004647e+00  9.3564208174773834e-02  4.4682903900285915e+00
      2990  7.4750000000004686e+00  9.3283920697916657e-02  4.4812848572833755e+00
      3000  7.5000000000004725e+00  9.3000747521059720e-02  4.4939019405166429e+00
      3010  7.5250000000004764e+00  9.2715157368418114e-02  4.5063988389088988e+00
      3020  7.5500000000004803e+00  9.2427651483318487e-02  4.5190412109099390e+00
      3030  7.5750000000004842e+00  9.2138688211686566e-02  4.5320668593598473e+00
      3040  7.6000000000004881e+00  9.1848621869043924e-02  4.5456540242374407e+00
      3050  7.6250000000004921e+00  9.1557670273614082e-02  4.5599014389270218e+00
      3060  7.6500000000004960e+00  9.1265917051781386e-02  4.5748246731379332e+00
      3070  7.6750000000004999e+00  9.0973344237675419e-02  4.5903690554796201e+00
      3080  7.7000000000005038e+00  9.0679881437813673e-02  4.6064349231383323e+00
      3090  7.7250000000005077e+00  9.0385453298048931e-02  4.6229076039444903e+00
      3100  7.7500000000005116e+00  9.0090008887507873e-02  4.6396835459370055e+00
      3110  7.7750000000005155e+00  8.9793524165545372e-02  4.6566856922919568e+00
      3120  7.8000000000005194e+00  8.9495979058125048e-02  4.6738649365848217e+00
      3130  7.8250000000005233e+00  8.9197320030792049e-02  4.6911889825196620e+00
      3140  7.8500000000005272e+00  8.8897424154578793e-02  4.7086236824235699e+00
      3150  7.8750000000005311e+00  8.8596079991456679e-02  4.7261137909189247e+00
      3160  7.9000000000005350e+00  8.8292994779261760e-02  4.7435696087224014e+00
      3170  7.9250000000005389e+00  8.7987828682488676e-02  4.7608635745315561e+00
      3180  7.9500000000005429e+00  8.7680248334568631e-02  4.7778374601739952e+00
      3190  7.9750000000005468e+00  8.7369986197142981e-02  4.7943176132993153e+00
      3200  8.0000000000005507e+00  8.7056890881664281e-02  4.8101336376997967e+00
      3210  8.0250000000005457e+00  8.6740956508729680e-02  4.8251354647677193e+00
      3220  8.0500000000005407e+00  8.6422325145837941e-02  4.8392048335046251e+00
      3230  8.0750000000005357e+00  8.6101263397698828e-02  4.8522592014026004e+00
      3240  8.1000000000005308e+00  8.5778120337194373e-02  4.8642483148368819e+00
      3250  8.1250000000005258e+00  8.5453277698807395e-02  4.8751454288076619e+00
      3260  8.1500000000005208e+00  8.5127103971897229e-02  4.8849361123192749e+00
      3270  8.1750000000005159e+00  8.4799921935884790e-02  4.8936076595698156e+00
      3280  8.2000000000005109e+00  8.4471995128722254e-02  4.9011415415840251e+00
      3290  8.2250000000005059e+00  8.4143533916455353e-02  4.9075103686020218e+00
      3300  8.2500000000005009e+00  8.3814717404821654e-02  4.9126797519418177e+00
      3310  8.2750000000004960e+00  8.3485724294626274e-02  4.9166144326764042e+00
      3320  8.3000000000004910e+00  8.3156764408525125e-02  4.9192871972713442e+00
      3330  8.3250000000004860e+00  8.2828103070702463e-02  4.9206885294693799e+00
      3340  8.3500000000004810e+00  8.2500072537323712e-02  4.9208347680465540e+00
      3350  8.3750000000004761e+00  8.2173067768362095e-02  4.9197728455638863e+00
      3360  8.4000000000004711e+00  8.1847527378642212e-02  4.9175804734987555e+00
      3370  8.4250000000004661e+00  8.1523903915313610e-02  4.9143617604358607e+00
      3380  8.4500000000004611e+00  8.1202629996973046e-02  4.9102394031945548e+00
      3390  8.4750000000004562e+00  8.0884087763171809e-02  4.9053454199906879e+00
      3400  8.5000000000004512e+00  8.0568588248358335e-02  4.8998126214411335e+00
      3410  8.5250000000004462e+00  8.0256364835961652e-02  4.8937685537173147e+00
      3420  8.5500000000004412e+00  7.9947581410220429e-02  4.8873326466969758e+00
      3430  8.5750000000004363e+00  7.9642352058182688e-02  4.8806160896038071e+00
      3440  8.6000000000004313e+00  7.9340766125237277e-02  4.8737229337065950e+00
      3450  8.6250000000004263e+00  7.9042910874320009e-02  4.8667504157770782e+00
      3460  8.6500000000004214e+00  7.8748884353216263e-02  4.8597866728629137e+00
      3470  8.6750000000004164e+00  7.8458793284576509e-02  4.8529048435276882e+00
      3480  8.7000000000004114e+00  7.8172734373115458e-02  4.8461538085793321e+00
      3490  8.7250000000004064e+00  7.7890761578047559e-02  4.8395471813654916e+00
      3500  8.7500000000004015e+00  7.7612845696151507e-02  4.8330532384735507e+00
      3510  8.7750000000003965e+00  7.7338835164456729e-02  4.8265889534977075e+00
      3520  8.8000000000003915e+00  7.7068427670975595e-02  4.8200209526609705e+00
      3530  8.8250000000003865e+00  7.6801160682107804e-02  4.8131750405372183e+00
      3540  8.8500000000003816e+00  7.6536425556267406e-02  4.8058541662341681e+00
      3550  8.8750000000003766e+00  7.6273505203062926e-02  4.7978627375438655e+00
      3560  8.9000000000003716e+00  7.6011630330650572e-02  4.7890335665729514e+00
      3570  8.9250000000003666e+00  7.5750045396747461e-02  4.7792529132655754e+00
      3580  8.9500000000003617e+00  7.5488073437243797e-02  4.7684793347357536e+00
      3590  8.9750000000003567e+00  7.5225169470001960e-02  4.7567532865554870e+00
      3600  9.0000000000003517e+00  7.4960954943423713e-02  4.7441962949806278e+00
      3610  9.0250000000003467e+00  7.4695229849772482e-02  4.7310004887675573e+00
      3620  9.0500000000003418e+00  7.4427963403839817e-02  4.7174108186981565e+00
      3630  9.0750000000003368e+00  7.4159267394101782e-02  4.7037030584139948e+00
      3640  9.1000000000003318e+00  7.3889357706002332e-02  4.6901606049548517e+00
      3650  9.1250000000003268e+00  7.3618509078127249e-02  4.6770523809354194e+00
      3660  9.1500000000003219e+00  7.3347006576032061e-02  4.6646131507102043e+00
      3670  9.1750000000003169e+00  7.3075095670156768e-02  4.6530266991223923e+00
      3680  9.2000000000003119e+00  7.2802932247562878e-02  4.6424118843416746e+00
      3690  9.2250000000003070e+00  7.2530534912226845e-02  4.6328116830388514e+00
      3700  9.2500000000003020e+00  7.2257744269440451e-02  4.6241859025913557e+00
      3710  9.2750000000002970e+00  7.1984196512565984e-02  4.6164089656880984e+00
      3720  9.3000000000002920e+00  7.1709320097464570e-02  4.6092746998817261e+00
      3730  9.3250000000002871e+00  7.1432363324769746e-02  4.6025100218633819e+00
      3740  9.3500000000002821e+00  7.1152456687319508e-02  4.5957985625835245e+00
      3750  9.3750000000002771e+00  7.0868707343797927e-02  4.5888136408800516e+00
      3760  9.4000000000002721e+00  7.0580315499554962e-02  4.5812578448780188e+00
      3770  9.4250000000002672e+00  7.0286695844189814e-02  4.5729043420112070e+00
      3780  9.4500000000002622e+00  6.9987583505870014e-02  4.5636335355045892e+00
      3790  9.4750000000002572e+00  6.9683104559163025e-02  4.5534583650714519e+00
      3800  9.5000000000002522e+00  6.9373796195424550e-02  4.5425327013816485e+00
      3810  9.5250000000002473e+00  6.9060570272810636e-02  4.5311398219072389e+00
      3820  9.5500000000002423e+00  6.8744624216985495e-02  4.5196614120724390e+00
      3830  9.5750000000002373e+00  6.8427312841598807e-02  4.5085311684677102e+00
      3840  9.6000000000002323e+00  6.8110001497108524e-02  4.4981800678562315e+00
      3850  9.6250000000002274e+00  6.7793923658863535e-02  4.4889820216870305e+00
      3860  9.6500000000002224e+00  6.7480064271786399e-02  4.4812085893143003e+00
      3870  9.6750000000002174e+00  6.7169084546628112e-02  4.4749997014684461e+00
      3880  9.7000000000002125e+00  6.6861295888710059e-02  4.4703543514110730e+00
      3890  9.7250000000002075e+00  6.6556682023603981e-02  4.4671416061958375e+00
      3900  9.7500000000002025e+00  6.6254960859474295e-02  4.4651288256142657e+00
      3910  9.7750000000001975e+00  6.5955672435086613e-02  4.4640213181935995e+00
      3920  9.8000000000001926e+00  6.5658277044209586e-02  4.4635062569770815e+00
      3930  9.8250000000001876e+00  6.5362248244518228e-02  4.4632936729941384e+00
      3940  9.8500000000001826e+00  6.5067148375457247e-02  4.4631485958427774e+00
      3950  9.8750000000001776e+00  6.4772678547758276e-02  4.4629105406931336e+00
      3960  9.9000000000001727e+00  6.4478699885143279e-02  4.4624990457592544e+00
      3970  9.9250000000001677e+00  6.4185227282285048e-02  4.4619063372103609e+00
      3980  9.9500000000001627e+00  6.3892400523175629e-02  4.4611800377070646e+00
      3990  9.9750000000001577e+00  6.3600439986260111e-02  4.4603999119086276e+00
      4000  1.0000000000000153e+01  6.3309595287186084e-02  4.4596529195679313e+00
