         0  0.0000000000000000e+00  1.2500000000000000e-01  3.7500000000000000e-01
        10  2.4999999999999998e-02  1.2499375002066285e-01  3.7500566243201666e-01
        20  5.0000000000000010e-02  1.2498749954021442e-01  3.7506015057278200e-01
        30  7.5000000000000025e-02  1.2498124774585347e-01  3.7516348647026864e-01
        40  1.0000000000000005e-01  1.2497499382736212e-01  3.7531571985630137e-01
        50  1.2500000000000006e-01  1.2496873698021241e-01  3.7551692811980700e-01
        60  1.5000000000000008e-01  1.2496247640994275e-01  3.7576721628174356e-01
        70  1.7500000000000010e-01  1.2495621133764355e-01  3.7606671696920779e-01
        80  2.0000000000000012e-01  1.2494994100636003e-01  3.7641559038571363e-01
        90  2.2500000000000014e-01  1.2494366468819134e-01  3.7681402427423562e-01
       100  2.5000000000000017e-01  1.2493738169183928e-01  3.7726223386933184e-01
       110  2.7500000000000019e-01  1.2493109137034737e-01  3.7776046183454385e-01
       120  3.0000000000000021e-01  1.2492479312875848e-01  3.7830897818126952e-01
       130  3.2500000000000023e-01  1.2491848643142171e-01  3.7890808016547415e-01
       140  3.5000000000000026e-01  1.2491217080868382e-01  3.7955809215888420e-01
       150  3.7500000000000028e-01  1.2490584586271302e-01  3.8025936549171947e-01
       160  4.0000000000000030e-01  1.2489951127222612e-01  3.8101227826454126e-01
       170  4.2500000000000032e-01  1.2489316679591347e-01  3.8181723512739217e-01
       180  4.5000000000000034e-01  1.2488681227438612e-01  3.8267466702506560e-01
       190  4.7500000000000037e-01  1.2488044763050844e-01  3.8358503090806798e-01
       200  5.0000000000000033e-01  1.2487407286801109e-01  3.8454880940954605e-01
       210  5.2499999999999980e-01  1.2486768806832412e-01  3.8556651048919839e-01
       220  5.4999999999999927e-01  1.2486129338560569e-01  3.8663866704588010e-01
       230  5.7499999999999873e-01  1.2485488903998518e-01  3.8776583650128317e-01
       240  5.9999999999999820e-01  1.2484847530907444e-01  3.8894860035766956e-01
       250  6.2499999999999767e-01  1.2484205251784016e-01  3.9018756373317418e-01
       260  6.4999999999999714e-01  1.2483562102696210e-01  3.9148335487863870e-01
       270  6.7499999999999660e-01  1.2482918121983172e-01  3.9283662468029656e-01
       280  6.9999999999999607e-01  1.2482273348837215e-01  3.9424804615289295e-01
       290  7.2499999999999554e-01  1.2481627821788087e-01  3.9571831392798526e-01
       300  7.4999999999999500e-01  1.2480981577111422e-01  3.9724814374224085e-01
       310  7.7499999999999447e-01  1.2480334647184204e-01  3.9883827193051326e-01
       320  7.9999999999999394e-01  1.2479687058811080e-01  4.0048945492837059e-01
       330  8.2499999999999341e-01  1.2479038831545258e-01  4.0220246878853981e-01
       340  8.4999999999999287e-01  1.2478389976027736e-01  4.0397810871546444e-01
       350  8.7499999999999234e-01  1.2477740492367764e-01  4.0581718862182436e-01
       360  8.9999999999999181e-01  1.2477090368586467e-01  4.0772054071047597e-01
       370  9.2499999999999127e-01  1.2476439579144190e-01  4.0968901508482643e-01
       380  9.4999999999999074e-01  1.2475788083570384e-01  4.1172347939018133e-01
       390  9.7499999999999021e-01  1.2475135825212964e-01  4.1382481848810270e-01
       400  9.9999999999998967e-01  1.2474482730121946e-01  4.1599393416530390e-01
       410  1.0249999999999893e+00  1.2473828706079844e-01  4.1823174487808472e-01
       420  1.0499999999999887e+00  1.2473173641789026e-01  4.2053918553279905e-01
       430  1.0749999999999882e+00  1.2472517406223807e-01  4.2291720730234462e-01
       440  1.0999999999999877e+00  1.2471859848152605e-01  4.2536677747817644e-01
       450  1.1249999999999871e+00  1.2471200795833127e-01  4.2788887935688408e-01
       460  1.1499999999999866e+00  1.2470540056881422e-01  4.3048451215993762e-01
       470  1.1749999999999861e+00  1.2469877418313169e-01  4.3315469098478704e-01
       480  1.1999999999999855e+00  1.2469212646753799e-01  4.3590044678511815e-01
       490  1.2249999999999850e+00  1.2468545488812175e-01  4.3872282637770021e-01
       500  1.2499999999999845e+00  1.2467875671610585e-01  4.4162289247289757e-01
       510  1.2749999999999839e+00  1.2467202903462754e-01  4.4460172372558887e-01
       520  1.2999999999999834e+00  1.2466526874689874e-01  4.4766041480287732e-01
       530  1.3249999999999829e+00  1.2465847258563879e-01  4.5080007646463089e-01
       540  1.3499999999999823e+00  1.2465163712366177e-01  4.5402183565251828e-01
       550  1.3749999999999818e+00  1.2464475878549322e-01  4.5732683558281008e-01
       560  1.3999999999999813e+00  1.2463783385989006e-01  4.6071623583780532e-01
       570  1.4249999999999807e+00  1.2463085851312924e-01  4.6419121245028536e-01
       580  1.4499999999999802e+00  1.2462382880293487e-01  4.6775295797494738e-01
       590  1.4749999999999797e+00  1.2461674069291186e-01  4.7140268154029847e-01
       600  1.4999999999999791e+00  1.2460959006735644e-01  4.7514160887403808e-01
       610  1.5249999999999786e+00  1.2460237274631966e-01  4.7897098229455948e-01
       620  1.5499999999999781e+00  1.2459508450080201e-01  4.8289206066085736e-01
       630  1.5749999999999775e+00  1.2458772106796623e-01  4.8690611927293648e-01
       640  1.5999999999999770e+00  1.2458027816626044e-01  4.9101444971475880e-01
       650  1.6249999999999765e+00  1.2457275151035314e-01  4.9521835963194245e-01
       660  1.6499999999999759e+00  1.2456513682578825e-01  4.9951917243684322e-01
       670  1.6749999999999754e+00  1.2455742986327739e-01  5.0391822693437593e-01
       680  1.6999999999999749e+00  1.2454962641255653e-01  5.0841687686299751e-01
       690  1.7249999999999743e+00  1.2454172231574102e-01  5.1301649034668985e-01
       700  1.7499999999999738e+00  1.2453371348012357e-01  5.1771844925559153e-01
       710  1.7749999999999733e+00  1.2452559589036602e-01  5.2252414847509629e-01
       720  1.7999999999999727e+00  1.2451736562004465e-01  5.2743499508578131e-01
       730  1.8249999999999722e+00  1.2450901884251597e-01  5.3245240745939954e-01
       740  1.8499999999999717e+00  1.2450055184107559e-01  5.3757781427931603e-01
       750  1.8749999999999711e+00  1.2449196101838895e-01  5.4281265349714178e-01
       760  1.8999999999999706e+00  1.2448324290517761e-01  5.4815837124082764e-01
       770  1.9249999999999701e+00  1.2447439416814726e-01  5.5361642069304611e-01
       780  1.9499999999999695e+00  1.2446541161714996e-01  5.5918826096222653e-01
       790  1.9749999999999690e+00  1.2445629221157057e-01  5.6487535597199419e-01
       800  1.9999999999999685e+00  1.2444703306593405e-01  5.7067917339795433e-01
       810  2.0249999999999679e+00  1.2443763145472601e-01  5.7660118368360440e-01
       820  2.0499999999999674e+00  1.2442808481642518e-01  5.8264285916965201e-01
       830  2.0749999999999669e+00  1.2441839075673876e-01  5.8880567337301151e-01
       840  2.0999999999999663e+00  1.2440854705104039e-01  5.9509110045330813e-01
       850  2.1249999999999658e+00  1.2439855164600160e-01  6.0150061490569832e-01
       860  2.1499999999999653e+00  1.2438840266041407e-01  6.0803569151932186e-01
       870  2.1749999999999647e+00  1.2437809838519559e-01  6.1469780564066849e-01
       880  2.1999999999999642e+00  1.2436763728257605e-01  6.2148843378066719e-01
       890  2.2249999999999637e+00  1.2435701798445995e-01  6.2840905460342653e-01
       900  2.2499999999999631e+00  1.2434623928996332e-01  6.3546115033333890e-01
       910  2.2749999999999626e+00  1.2433530016212629e-01  6.4264620861582118e-01
       920  2.2999999999999621e+00  1.2432419972380622e-01  6.4996572486538688e-01
       930  2.3249999999999615e+00  1.2431293725275932e-01  6.5742120513312268e-01
       940  2.3499999999999610e+00  1.2430151217592491e-01  6.6501416952410154e-01
       950  2.3749999999999605e+00  1.2428992406293217e-01  6.7274615619386535e-01
       960  2.3999999999999599e+00  1.2427817261885366e-01  6.8061872595194285e-01
       970  2.4249999999999594e+00  1.2426625767623841e-01  6.8863346749947266e-01
       980  2.4499999999999589e+00  1.2425417918646234e-01  6.9679200332738359e-01
       990  2.4749999999999583e+00  1.2424193721044099e-01  7.0509599630121519e-01
      1000  2.4999999999999578e+00  1.2422953190875432e-01  7.1354715695845364e-01
      1010  2.5249999999999573e+00  1.2421696353123901e-01  7.2214725154408465e-01
      1020  2.5499999999999567e+00  1.2420423240610870e-01  7.3089811080974953e-01
      1030  2.5749999999999562e+00  1.2419133892866232e-01  7.3980163960120114e-01
      1040  2.5999999999999557e+00  1.2417828354964578e-01  7.4885982725748314e-01
      1050  2.6249999999999551e+00  1.2416506676332788e-01  7.5807475884311788e-01
      1060  2.6499999999999546e+00  1.2415168909535095e-01  7.6744862723136789e-01
      1070  2.6749999999999541e+00  1.2413815109040973e-01  7.7698374605210830e-01
      1080  2.6999999999999535e+00  1.2412445329980611e-01  7.8668256351182287e-01
      1090  2.7249999999999530e+00  1.2411059626891551e-01  7.9654767708561117e-01
      1100  2.7499999999999525e+00  1.2409658052458794e-01  8.0658184907182529e-01
      1110  2.7749999999999519e+00  1.2408240656249277e-01  8.1678802298921783e-01
      1120  2.7999999999999514e+00  1.2406807483439389e-01  8.2716934078468188e-01
      1130  2.8249999999999509e+00  1.2405358573532546e-01  8.3772916080773813e-01
      1140  2.8499999999999504e+00  1.2403893959061182e-01  8.4847107649732396e-01
      1150  2.8749999999999498e+00  1.2402413664265119e-01  8.5939893571946597e-01
      1160  2.8999999999999493e+00  1.2400917703735728e-01  8.7051686069405816e-01
      1170  2.9249999999999488e+00  1.2399406081012615e-01  8.8182926845873860e-01
      1180  2.9499999999999482e+00  1.2397878787116974e-01  8.9334089184117248e-01
      1190  2.9749999999999477e+00  1.2396335799003561e-01  9.0505680095029807e-01
      1200  2.9999999999999472e+00  1.2394777077911043e-01  9.1698242525226596e-01
      1210  3.0249999999999466e+00  1.2393202567589196e-01  9.2912357636419531e-01
      1220  3.0499999999999461e+00  1.2391612192380265e-01  9.4148647176980866e-01
      1230  3.0749999999999456e+00  1.2390005855131877e-01  9.5407775972151131e-01
      1240  3.0999999999999450e+00  1.2388383434919468e-01  9.6690454562491097e-01
      1250  3.1249999999999445e+00  1.2386744784558020e-01  9.7997442018322691e-01
      1260  3.1499999999999440e+00  1.2385089727886131e-01  9.9329548949111125e-01
      1270  3.1749999999999434e+00  1.2383418056809476e-01  1.0068764070973046e+00
      1280  3.1999999999999429e+00  1.2381729528097464e-01  1.0207264078024772e+00
      1290  3.2249999999999424e+00  1.2380023859934524e-01  1.0348553426379948e+00
      1300  3.2499999999999418e+00  1.2378300728238091e-01  1.0492737141170761e+00
      1310  3.2749999999999413e+00  1.2376559762767964e-01  1.0639927105122450e+00
      1320  3.2999999999999408e+00  1.2374800543066824e-01  1.0790242376532537e+00
      1330  3.3249999999999402e+00  1.2373022594288979e-01  1.0943809466194571e+00
      1340  3.3499999999999397e+00  1.2371225382993084e-01  1.1100762557699179e+00
      1350  3.3749999999999392e+00  1.2369408312994501e-01  1.1261243658387574e+00
      1360  3.3999999999999386e+00  1.2367570721391134e-01  1.1425402673138404e+00
      1370  3.4249999999999381e+00  1.2365711874893827e-01  1.1593397399674073e+00
      1380  3.4499999999999376e+00  1.2363830966604563e-01  1.1765393451376483e+00
      1390  3.4749999999999370e+00  1.2361927113392670e-01  1.1941564120690151e+00
      1400  3.4999999999999365e+00  1.2359999354019201e-01  1.2122090202022995e+00
      1410  3.5249999999999360e+00  1.2358046648152075e-01  1.2307159796775255e+00
      1420  3.5499999999999354e+00  1.2356067876399488e-01  1.2496968124249865e+00
      1430  3.5749999999999349e+00  1.2354061841468593e-01  1.2691717360709278e+00
      1440  3.5999999999999344e+00  1.2352027270532576e-01  1.2891616525187964e+00
      1450  3.6249999999999338e+00  1.2349962818865631e-01  1.3096881425597291e+00
      1460  3.6499999999999333e+00  1.2347867074786785e-01  1.3307734672974762e+00
      1470  3.6749999999999328e+00  1.2345738565944427e-01  1.3524405765988184e+00
      1480  3.6999999999999322e+00  1.2343575766976944e-01  1.3747131242053739e+00
      1490  3.7249999999999317e+00  1.2341377108605113e-01  1.3976154885073793e+00
      1500  3.7499999999999312e+00  1.2339140988248165e-01  1.4211727971688360e+00
      1510  3.7749999999999306e+00  1.2336865782305995e-01  1.4454109526646090e+00
      1520  3.7999999999999301e+00  1.2334549860309131e-01  1.4703566542261355e+00
      1530  3.8249999999999296e+00  1.2332191601197315e-01  1.4960374096607306e+00
      1540  3.8499999999999290e+00  1.2329789412036248e-01  1.5224815281189262e+00
      1550  3.8749999999999285e+00  1.2327341749507660e-01  1.5497180824206158e+00
      1560  3.8999999999999280e+00  1.2324847144500245e-01  1.5777768274761496e+00
      1570  3.9249999999999274e+00  1.2322304230078303e-01  1.6066880602449841e+00
      1580  3.9499999999999269e+00  1.2319711773008283e-01  1.6364824071924842e+00
      1590  3.9749999999999264e+00  1.2317068708880429e-01  1.6671905278781882e+00
      1600  3.9999999999999258e+00  1.2314374180680751e-01  1.6988427284555261e+00
      1610  4.0249999999999293e+00  1.2311627580456814e-01  1.7314684864590539e+00
      1620  4.0499999999999332e+00  1.2308828593491317e-01  1.7650958978574510e+00
      1630  4.0749999999999371e+00  1.2305977244157831e-01  1.7997510680840509e+00
      1640  4.0999999999999410e+00  1.2303073942384442e-01  1.8354574793669206e+00
      1650  4.1249999999999449e+00  1.2300119529380559e-01  1.8722353756333787e+00
      1660  4.1499999999999488e+00  1.2297115320960126e-01  1.9101012118711840e+00
      1670  4.1749999999999527e+00  1.2294063146374035e-01  1.9490672153791844e+00
      1680  4.1999999999999567e+00  1.2290965379984660e-01  1.9891411002386925e+00
      1690  4.2249999999999606e+00  1.2287824962318078e-01  2.0303259622836722e+00
      1700  4.2499999999999645e+00  1.2284645405979410e-01  2.0726203591148263e+00
      1710  4.2749999999999684e+00  1.2281430780641186e-01  2.1160185485568461e+00
      1720  4.2999999999999723e+00  1.2278185669943280e-01  2.1605108212364620e+00
      1730  4.3249999999999762e+00  1.2274915091955601e-01  2.2060838227066621e+00
      1740  4.3499999999999801e+00  1.2271624374315363e-01  2.2527207245014813e+00
      1750  4.3749999999999840e+00  1.2268318975913713e-01  2.3004010811262120e+00
      1760  4.3999999999999879e+00  1.2265004249863081e-01  2.3491002125672801e+00
      1770  4.4249999999999918e+00  1.2261685148209797e-01  2.3987879905075637e+00
      1780  4.4499999999999957e+00  1.2258365877971559e-01  2.4494269884536444e+00
      1790  4.4749999999999996e+00  1.2255049530408729e-01  2.5009700807086090e+00
      1800  4.5000000000000036e+00  1.2251737719684495e-01  2.5533577293573624e+00
      1810  4.5250000000000075e+00  1.2248430280445674e-01  2.6065153541272161e+00
      1820  4.5500000000000114e+00  1.2245125082093190e-01  2.6603512964486458e+00
      1830  4.5750000000000153e+00  1.2241818015524651e-01  2.7147559216700724e+00
      1840  4.6000000000000192e+00  1.2238503191519055e-01  2.7696023186547045e+00
      1850  4.6250000000000231e+00  1.2235173357115056e-01  2.8247488483448560e+00
      1860  4.6500000000000270e+00  1.2231820490627844e-01  2.8800434953734370e+00
      1870  4.6750000000000309e+00  1.2228436486487630e-01  2.9353296571550609e+00
      1880  4.7000000000000348e+00  1.2225013801521422e-01  2.9904527444000648e+00
      1890  4.7250000000000387e+00  1.2221545919054407e-01  3.0452668301888604e+00
      1900  4.7500000000000426e+00  1.2218027506221844e-01  3.0996405958503395e+00
      1910  4.7750000000000465e+00  1.2214454194040386e-01  3.1534619621823197e+00
      1920  4.8000000000000504e+00  1.2210821989237577e-01  3.2066410207038555e+00
      1930  4.8250000000000544e+00  1.2207126413293553e-01  3.2591111470556038e+00
      1940  4.8500000000000583e+00  1.2203361536323984e-01  3.3108284505282875e+00
      1950  4.8750000000000622e+00  1.2199519113211635e-01  3.3617699517615029e+00
      1960  4.9000000000000661e+00  1.2195588026255712e-01  3.4119310361591449e+00
      1970  4.9250000000000700e+00  1.2191554191211393e-01  3.4613227582322162e+00
      1980  4.9500000000000739e+00  1.2187400999320560e-01  3.5099694666501607e+00
      1990  4.9750000000000778e+00  1.2183110262052624e-01  3.5579070406931192e+00
      2000  5.0000000000000817e+00  1.2178663520241587e-01  3.6051818724346288e+00
      2010  5.0250000000000856e+00  1.2174043502410240e-01  3.6518506505872348e+00
      2020  5.0500000000000895e+00  1.2169235493414814e-01  3.6979809510502548e+00
      2030  5.0750000000000934e+00  1.2164228415179974e-01  3.7436524873720919e+00
      2040  5.1000000000000973e+00  1.2159015512515979e-01  3.7889585434951692e+00
      2050  5.1250000000001013e+00  1.2153594640905945e-01  3.8340067034080958e+00
      2060  5.1500000000001052e+00  1.2147968225217384e-01  3.8789177870308422e+00
      2070  5.1750000000001091e+00  1.2142142974626392e-01  3.9238221816588968e+00
      2080  5.2000000000001130e+00  1.2136129413537205e-01  3.9688535827614317e+00
      2090  5.2250000000001169e+00  1.2129941262567905e-01  4.0141412632067380e+00
      2100  5.2500000000001208e+00  1.2123594712610349e-01  4.0598029025047060e+00
      2110  5.2750000000001247e+00  1.2117107673798870e-01  4.1059402848853862e+00
      2120  5.3000000000001286e+00  1.2110499105028045e-01  4.1526396115769928e+00
      2130  5.3250000000001325e+00  1.2103788491944234e-01  4.1999768753135182e+00
      2140  5.3500000000001364e+00  1.2096995442917044e-01  4.2480270940590363e+00
      2150  5.3750000000001403e+00  1.2090139276578271e-01  4.2968747469071574e+00
      2160  5.4000000000001442e+00  1.2083238466909696e-01  4.3466220559088104e+00
      2170  5.4250000000001481e+00  1.2076309931549005e-01  4.3973921479671297e+00
      2180  5.4500000000001521e+00  1.2069368343912186e-01  4.4493255108851228e+00
      2190  5.4750000000001560e+00  1.2062425797794888e-01  4.5025699730681932e+00
      2200  5.5000000000001599e+00  1.2055492138908557e-01  4.5572659559935364e+00
      2210  5.5250000000001638e+00  1.2048576072054552e-01  4.6135295086670399e+00
      2220  5.5500000000001677e+00  1.2041686838146380e-01  4.6714357294479192e+00
      2230  5.5750000000001716e+00  1.2034835981410131e-01  4.7310051417808536e+00
      2240  5.6000000000001755e+00  1.2028038623613384e-01  4.7921958748610651e+00
      2250  5.6250000000001794e+00  1.2021313768265240e-01  4.8549049739095294e+00
      2260  5.6500000000001833e+00  1.2014683408566489e-01  4.9189819958890964e+00
      2270  5.6750000000001872e+00  1.2008170488150151e-01  4.9842561977057434e+00
      2280  5.7000000000001911e+00  1.2001795964021742e-01  5.0505746980932630e+00
      2290  5.7250000000001950e+00  1.1995575322885663e-01  5.1178438900483155e+00
      2300  5.7500000000001990e+00  1.1989514954630459e-01  5.1860622435650039e+00
      2310  5.7750000000002029e+00  1.1983608855285941e-01  5.2553319705051204e+00
      2320  5.8000000000002068e+00  1.1977836226393029e-01  5.3258413287722057e+00
      2330  5.8250000000002107e+00  1.1972160585135334e-01  5.3978180444525863e+00
      2340  5.8500000000002146e+00  1.1966530886536151e-01  5.4714646404078924e+00
      2350  5.8750000000002185e+00  1.1960884823374362e-01  5.5468944001585430e+00
      2360  5.9000000000002224e+00  1.1955153971689059e-01  5.6240888121322735e+00
      2370  5.9250000000002263e+00  1.1949269965247258e-01  5.7028922473537088e+00
      2380  5.9500000000002302e+00  1.1943170611716190e-01  5.7830486638381837e+00
      2390  5.9750000000002341e+00  1.1936804919379318e-01  5.8642719287939611e+00
      2400  6.0000000000002380e+00  1.1930136350671277e-01  5.9463305631466869e+00
      2410  6.0250000000002419e+00  1.1923144100857410e-01  6.0291233809704575e+00
      2420  6.0500000000002458e+00  1.1915822627755789e-01  6.1127263779237011e+00
      2430  6.0750000000002498e+00  1.1908179900948577e-01  6.1974016983971912e+00
      2440  6.1000000000002537e+00  1.1900234866877150e-01  6.2835718857385701e+00
      2450  6.1250000000002576e+00  1.1892014493025665e-01  6.3717712887030446e+00
      2460  6.1500000000002615e+00  1.1883550545621953e-01  6.4625881219483256e+00
      2470  6.1750000000002654e+00  1.1874876047865457e-01  6.5566062515820843e+00
      2480  6.2000000000002693e+00  1.1866021223400183e-01  6.6543497798922501e+00
      2490  6.2250000000002732e+00  1.1857008721174195e-01  6.7562305343311312e+00
      2500  6.2500000000002771e+00  1.1847848115600157e-01  6.8625000332098832e+00
      2510  6.2750000000002810e+00  1.1838530110403889e-01  6.9732110571223819e+00
      2520  6.3000000000002849e+00  1.1829021464685768e-01  7.0881959948685132e+00
      2530  6.3250000000002888e+00  1.1819262183576534e-01  7.2070679921777148e+00
      2540  6.3500000000002927e+00  1.1809166671324370e-01  7.3292479045834917e+00
      2550  6.3750000000002967e+00  1.1798630091586643e-01  7.4540174462541934e+00
      2560  6.4000000000003006e+00  1.1787540092429951e-01  7.5805971676073176e+00
      2570  6.4250000000003045e+00  1.1775792594717004e-01  7.7082446970280300e+00
      2580  6.4500000000003084e+00  1.1763309006654414e-01  7.8363613990482299e+00
      2590  6.4750000000003123e+00  1.1750051561019175e-01  7.9645850137749591e+00
      2600  6.5000000000003162e+00  1.1736033825945244e-01  8.0928378948087758e+00
      2610  6.5250000000003201e+00  1.1721324745329605e-01  8.2213036078471315e+00
      2620  6.5500000000003240e+00  1.1706046257651110e-01  8.3503237479919089e+00
      2630  6.5750000000003279e+00  1.1690365770356171e-01  8.4802376334151289e+00
      2640  6.6000000000003318e+00  1.1674484869165567e-01  8.6112162754895249e+00
      2650  6.6250000000003357e+00  1.1658624658060915e-01  8.7431518125910674e+00
      2660  6.6500000000003396e+00  1.1643006951172776e-01  8.8756447493073730e+00
      2670  6.6750000000003435e+00  1.1627830472117950e-01  9.0080896020214830e+00
      2680  6.7000000000003475e+00  1.1613243093121737e-01  9.1398158762869415e+00
      2690  6.7250000000003514e+00  1.1599314587651387e-01  9.2702210101876345e+00
      2700  6.7500000000003553e+00  1.1586017697025496e-01  9.3988479724467984e+00
      2710  6.7750000000003592e+00  1.1573226241019343e-01  9.5254019731959680e+00
      2720  6.8000000000003631e+00  1.1560735828083977e-01  9.6497388707407725e+00
      2730  6.8250000000003670e+00  1.1548305466665021e-01  9.7718646885542856e+00
      2740  6.8500000000003709e+00  1.1535709415980263e-01  9.8919567092865725e+00
      2750  6.8750000000003748e+00  1.1522782219663815e-01  1.0010375497178179e+01
      2760  6.9000000000003787e+00  1.1509440385103737e-01  1.0127619025037465e+01
      2770  6.9250000000003826e+00  1.1495673202270005e-01  1.0244195260883366e+01
      2780  6.9500000000003865e+00  1.1481509418903992e-01  1.0360446816716222e+01
      2790  6.9750000000003904e+00  1.1466978318072305e-01  1.0476412035256571e+01
      2800  7.0000000000003944e+00  1.1452085564077950e-01  1.0591810064420260e+01
      2810  7.0250000000003983e+00  1.1436813941892939e-01  1.0706179804473332e+01
      2820  7.0500000000004022e+00  1.1421142903414709e-01  1.0819113847938252e+01
      2830  7.0750000000004061e+00  1.1405069471136141e-01  1.0930466304509856e+01
      2840  7.1000000000004100e+00  1.1388614413306327e-01  1.1040423767837989e+01
      2850  7.1250000000004139e+00  1.1371810517915915e-01  1.1149409922278683e+01
      2860  7.1500000000004178e+00  1.1354684615676047e-01  1.1257894080537342e+01
      2870  7.1750000000004217e+00  1.1337250690527080e-01  1.1366225364738149e+01
      2880  7.2000000000004256e+00  1.1319523559171876e-01  1.1474583975035189e+01
      2890  7.2250000000004295e+00  1.1301546441918852e-01  1.1583052707552806e+01
      2900  7.2500000000004334e+00  1.1283412414594453e-01  1.1691728212475652e+01
      2910  7.2750000000004373e+00  1.1265258784740893e-01  1.1800769504084114e+01
      2920  7.3000000000004412e+00  1.1247226727848283e-01  1.1910333752461191e+01
      2930  7.3250000000004452e+00  1.1229398929537499e-01  1.2020437778813611e+01
      2940  7.3500000000004491e+00  1.1211743545010639e-01  1.2130846014067922e+01
      2950  7.3750000000004530e+00  1.1194093852476806e-01  1.2241080135829718e+01
      2960  7.4000000000004569e+00  1.1176178156208747e-01  1.2350578155137829e+01
      2970  7.4250000000004608e+00  1.1157691612227635e-01  1.2458947327432714e+01
      2980  7.4500000000004647e+00  1.1138382887600792e-01  1.2566206305883728e+01
      2990  7.4750000000004686e+00  1.1118123089149325e-01  1.2672918725570312e+01
      3000  7.5000000000004725e+00  1.1096933495235372e-01  1.2780168352052222e+01
      3010  7.5250000000004764e+00  1.1074966194356965e-01  1.2889383707591531e+01
      3020  7.5500000000004803e+00  1.1052448880399635e-01  1.3002063015710033e+01
      3030  7.5750000000004842e+00  1.1029615073300172e-01  1.3119469920150891e+01
      3040  7.6000000000004881e+00  1.1006641860445613e-01  1.3242369626649136e+01
      3050  7.6250000000004921e+00  1.0983610917675456e-01  1.3370859719162709e+01
      3060  7.6500000000004960e+00  1.0960499050071838e-01  1.3504325068015504e+01
      3070  7.6750000000004999e+00  1.0937195590162056e-01  1.3641517450392179e+01
      3080  7.7000000000005038e+00  1.0913538066764936e-01  1.3780734725688251e+01
      3090  7.7250000000005077e+00  1.0889355280645885e-01  1.3920058519394250e+01
      3100  7.7500000000005116e+00  1.0864507698009158e-01  1.4057606412938845e+01
      3110  7.7750000000005155e+00  1.0838917704705186e-01  1.4191761448973223e+01
      3120  7.8000000000005194e+00  1.0812585525163519e-01  1.4321351094119359e+01
      3130  7.8250000000005233e+00  1.0785589605190397e-01  1.4445754293588812e+01
      3140  7.8500000000005272e+00  1.0758072606950161e-01  1.4564920114074194e+01
      3150  7.8750000000005311e+00  1.0730215982290841e-01  1.4679290832444689e+01
      3160  7.9000000000005350e+00  1.0702207718916555e-01  1.4789640169651659e+01
      3170  7.9250000000005389e+00  1.0674209435689950e-01  1.4896859953186267e+01
      3180  7.9500000000005429e+00  1.0646330153636550e-01  1.5001746076007249e+01
      3190  7.9750000000005468e+00  1.0618613904276455e-01  1.5104838597238289e+01
      3200  8.0000000000005507e+00  1.0591045929354025e-01  1.5206358908204778e+01
      3210  8.0250000000005457e+00  1.0563577309432670e-01  1.5306262200394697e+01
      3220  8.0500000000005407e+00  1.0536161431154805e-01  1.5404391198956259e+01
      3230  8.0750000000005357e+00  1.0508790096952129e-01  1.5500684160730906e+01
      3240  8.1000000000005308e+00  1.0481515165597156e-01  1.5595367078943623e+01
      3250  8.1250000000005258e+00  1.0454445247119047e-01  1.5689059312167105e+01
      3260  8.1500000000005208e+00  1.0427715554818188e-01  1.5782749516016968e+01
      3270  8.1750000000005159e+00  1.0401439253808458e-01  1.5877646458821164e+01
      3280  8.2000000000005109e+00  1.0375656083149274e-01  1.5974955652059355e+01
      3290  8.2250000000005059e+00  1.0350295438967010e-01  1.6075655457725897e+01
      3300  8.2500000000005009e+00  1.0325166174798532e-01  1.6180336524181327e+01
      3310  8.2750000000004960e+00  1.0299976617864835e-01  1.6289135523918835e+01
      3320  8.3000000000004910e+00  1.0274379462038684e-01  1.6401758373594744e+01
      3330  8.3250000000004860e+00  1.0248030314911744e-01  1.6517566312090641e+01
      3340  8.3500000000004810e+00  1.0220646898928706e-01  1.6635694531114079e+01
      3350  8.3750000000004761e+00  1.0192057523943467e-01  1.6755179774906138e+01
      3360  8.4000000000004711e+00  1.0162230820263822e-01  1.6875079777896524e+01
      3370  8.4250000000004661e+00  1.0131282434236699e-01  1.6994568942444472e+01
      3380  8.4500000000004611e+00  1.0099457926790095e-01  1.7112994888283979e+01
      3390  8.4750000000004562e+00  1.0067094695141060e-01  1.7229886103065528e+01
      3400  8.5000000000004512e+00  1.0034569541852923e-01  1.7344914288007113e+01
      3410  8.5250000000004462e+00  1.0002241984307866e-01  1.7457831244181124e+01
      3420  8.5500000000004412e+00  9.9704051788263827e-02  1.7568410478552661e+01
      3430  8.5750000000004363e+00  9.9392550009322716e-02  1.7676421585471759e+01
      3440  8.6000000000004313e+00  9.9088829244954014e-02  1.7781650572532357e+01
      3450  8.6250000000004263e+00  9.8792910763802030e-02  1.7883957329746588e+01
      3460  8.6500000000004214e+00  9.8504208501449430e-02  1.7983341216815353e+01
      3470  8.6750000000004164e+00  9.8221827091089228e-02  1.8079976027743674e+01
      3480  8.7000000000004114e+00  9.7944760862784776e-02  1.8174182086851668e+01
      3490  8.7250000000004064e+00  9.7671941409106833e-02  1.8266325738360575e+01
      3500  8.7500000000004015e+00  9.7402159037207580e-02  1.8356667423697594e+01
      3510  8.7750000000003965e+00  9.7133944342670372e-02  1.8445205821508244e+01
      3520  8.8000000000003915e+00  9.6865512959316372e-02  1.8531574326876964e+01
      3530  8.8250000000003865e+00  9.6594844153246843e-02  1.8615031746283381e+01
      3540  8.8500000000003816e+00  9.6319900609332896e-02  1.8694556586079053e+01
      3550  8.8750000000003766e+00  9.6038933183236824e-02  1.8769017608373111e+01
      3560  8.9000000000003716e+00  9.5750777711284004e-02  1.8837368302184498e+01
      3570  8.9250000000003666e+00  9.5455052983988426e-02  1.8898809674282974e+01
      3580  8.9500000000003617e+00  9.5152203716050328e-02  1.8952884009248747e+01
      3590  8.9750000000003567e+00  9.4843382137908965e-02  1.8999491979283802e+01
      3600  9.0000000000003517e+00  9.4530207004490470e-02  1.9038852365384906e+01
      3610  9.0250000000003467e+00  9.4214465501960270e-02  1.9071436227987389e+01
      3620  9.0500000000003418e+00  9.3897827109919986e-02  1.9097902472258251e+01
      3630  9.0750000000003368e+00  9.3581622778738632e-02  1.9119045409175412e+01
      3640  9.1000000000003318e+00  9.3266716844306045e-02  1.9135748346027242e+01
      3650  9.1250000000003268e+00  9.2953473158805556e-02  1.9148930357951587e+01
      3660  9.1500000000003219e+00  9.2641798830917583e-02  1.9159479421023917e+01
      3670  9.1750000000003169e+00  9.2331241910792916e-02  1.9168179274913179e+01
      3680  9.2000000000003119e+00  9.2021121334010898e-02  1.9175650192134055e+01
      3690  9.2250000000003070e+00  9.1710672958911614e-02  1.9182326530478770e+01
      3700  9.2500000000003020e+00  9.1399198809812966e-02  1.9188483460177536e+01
      3710  9.2750000000002970e+00  9.1086204913419575e-02  1.9194305840088833e+01
      3720  9.3000000000002920e+00  9.0771508253076889e-02  1.9199973265431267e+01
      3730  9.3250000000002871e+00  9.0455290721657251e-02  1.9205726537818671e+01
      3740  9.3500000000002821e+00  9.0138082996182139e-02  1.9211887236140918e+01
      3750  9.3750000000002771e+00  8.9820675801224843e-02  1.9218821382351229e+01
      3760  9.4000000000002721e+00  8.9503976273013472e-02  1.9226861845365139e+01
      3770  9.4250000000002672e+00  8.9188844797192452e-02  1.9236221496992751e+01
      3780  9.4500000000002622e+00  8.8875953916751924e-02  1.9246932589582311e+01
      3790  9.4750000000002572e+00  8.8565701105289184e-02  1.9258836071035148e+01
      3800  9.5000000000002522e+00  8.8258184225909594e-02  1.9271622935998534e+01
      3810  9.5250000000002473e+00  8.7953222161882811e-02  1.9284907663890745e+01
      3820  9.5500000000002423e+00  8.7650385876508471e-02  1.9298300745898067e+01
      3830  9.5750000000002373e+00  8.7349005963939094e-02  1.9311448743348784e+01
      3840  9.6000000000002323e+00  8.7048142129748044e-02  1.9324025499544504e+01
      3850  9.6250000000002274e+00  8.6746529339113116e-02  1.9335680377599897e+01
      3860  9.6500000000002224e+00  8.6442540610171954e-02  1.9345969061838826e+01
      3870  9.6750000000002174e+00  8.6134214934170478e-02  1.9354301204598293e+01
      3880  9.7000000000002125e+00  8.5819385263840378e-02  1.9359933671392857e+01
      3890  9.7250000000002075e+00  8.5495910483460149e-02  1.9362021233770054e+01
      3900  9.7500000000002025e+00  8.5161978999904619e-02  1.9359715793573286e+01
      3910  9.7750000000001975e+00  8.4816424349717855e-02  1.9352289106981801e+01
      3920  9.8000000000001926e+00  8.4458984991072149e-02  1.9339248228004686e+01
      3930  9.8250000000001876e+00  8.4090452927792339e-02  1.9320418206564273e+01
      3940  9.8500000000001826e+00  8.3712682425554889e-02  1.9295978896144678e+01
      3950  9.8750000000001776e+00  8.3328459831703708e-02  1.9266455684634106e+01
      3960  9.9000000000001727e+00  8.2941258464756940e-02  1.9232672214136366e+01
      3970  9.9250000000001677e+00  8.2554914101544071e-02  1.9195674886678454e+01
      3980  9.9500000000001627e+00  8.2173258490491553e-02  1.9156636331599820e+01
      3990  9.9750000000001577e+00  8.1799746134378564e-02  1.9116742422986040e+01
      4000  1.0000000000000153e+01  8.1437108519473571e-02  1.9077068550408417e+01
