1.2141700790400917e-2 1.8793448243024473e-3
1.7074460634500604e-2 3.7088088611437198e-3
3.2583035205234465e-2 2.7307099827404008e-4
3.2690464775164199e-2 4.6665908328743372e-4
3.2946830794314722e-2 9.2863064979666413e-4
4.8521456006457450e-2 7.4356637236362971e-3
1.0093143056670341e-1 1.8784378811995232e-3
1.0620647274299307e-1 3.7217262205358551e-3
1.0827082959243843e-1 7.4416972632363673e-3
1.1862679597555188e-1 2.5899284145097443e-4
1.1874399187002070e-1 4.7017984328376339e-4
1.1900035788917120e-1 9.3215140979299380e-4
1.9225877904728217e-1 3.7230471159297659e-3
1.9431581115332325e-1 7.4298189710157291e-3
1.9841522587859672e-1 1.8948863838806271e-3
2.0467788148927363e-1 2.5811387224245960e-4
2.0479629817430978e-1 4.7150073867767428e-4
2.0505754735572984e-1 9.4227176359660061e-4
2.7728684206553661e-1 1.8786816098891775e-3
2.7831230614213864e-1 3.7265678759260991e-3
2.8036445508591018e-1 7.4245402726023611e-3
2.9072896700299533e-1 2.5723490303394478e-4
2.9085348764086844e-1 4.8162109248128457e-4
2.9111473682228844e-1 9.5239211740021437e-4
3.6334647311323004e-1 1.8932016928976392e-3
3.6436461244642782e-1 3.7278887713200100e-3
3.6641798218076665e-1 7.4280610325986960e-3
3.7678127330728445e-1 2.5855579842785220e-4
3.7690945631685968e-1 4.8954158168246567e-4
3.7717314707941452e-1 9.6471233580624344e-4
4.4940488337035606e-1 1.9055219113036752e-3
4.5042302270355378e-1 3.7402089897260425e-3
4.5247395085675796e-1 7.4359815217998788e-3
4.6283968356441046e-1 2.7087601683388474e-4
4.6296054183058138e-1 4.8866261247395085e-4
4.6322667417427105e-1 9.6823309580258005e-4
5.3546329362748213e-1 1.9178421297097042e-3
5.3648875770408422e-1 3.7657283957466224e-3
5.4283931023561260e-1 7.4561773043142158e-3
5.4901406892543803e-1 4.9218337247028399e-4
5.4928142205969499e-1 9.7395372040133890e-4
5.5319649740929355e-1 2.7567274713124687e-4
6.2152292467517556e-1 1.9323622127181660e-3
6.2255937586688415e-1 3.8000472601769086e-3
6.2461030402008821e-1 7.4958197922507432e-3
6.3494795854469099e-1 2.8011740142897673e-4
6.3506637522972709e-1 4.9350426786419141e-4
6.3533616994511888e-1 9.7967434500009429e-4
7.0758499730400370e-1 1.9512820249314757e-3
7.0862755244854914e-1 3.8299663954023400e-3
7.1068092218288803e-1 7.5301386566810260e-3
7.2099904405841264e-1 2.7923843222046191e-4
7.2111990232458356e-1 4.9702502786052802e-4
7.2138847624940794e-1 9.8099524039400518e-4
7.9364951151396668e-1 1.9746015663496298e-3
7.9470061219248378e-1 3.8686849890374707e-3
7.9676741062306389e-1 7.5930557609428326e-3
8.0705012957213440e-1 2.7835946301194708e-4
8.0718197495341171e-1 5.1594484007383423e-4
8.0744932808766867e-1 9.9771518800488915e-4
8.7972135046733391e-1 2.0111202953823383e-3
8.8078221747039009e-1 3.9228026348895814e-3
8.8285267827267233e-1 7.6537730006022153e-3
8.9310243587642335e-1 2.7968035840585451e-4
8.9323794362940290e-1 5.2386532927501880e-4
8.9351140071649682e-1 1.0166350002181954e-3
9.6578586467729677e-1 2.0344398368004994e-3
9.6686138116716158e-1 3.9725205515368373e-3
9.6895137461852188e-1 7.7386887508882687e-3
9.7914741743730827e-1 2.6780206618521110e-4
9.7929757467709644e-1 5.3838541228347706e-4
9.9391898330264739e-1 1.0420079113706918e-3
1.0518552620495294e+0 2.0665588366283530e-3
1.0529515319790397e+0 4.0420372496059141e-3
1.0550488501738042e+0 7.8214046365718999e-3
1.0652204771812428e+0 3.0652065982034529e-4
1.0653523225625203e+0 5.4410603688223591e-4
1.0799859390937452e+0 1.0697271819937008e-3
1.1379332049557336e+0 2.1140768886731831e-3
1.1390380204192154e+0 4.1049543538677243e-3
1.1411512088913562e+0 7.9129199806652287e-3
1.1512752250666667e+0 3.1224128441910068e-4
1.1514082912385115e+0 5.5202652608341701e-4
1.1660455701414387e+0 1.0842472650021556e-3
1.2240026023279660e+0 2.1461958885010436e-3
1.2251245088593914e+0 4.1678714581295309e-3
1.2272645547240144e+0 8.0242341061803821e-3
1.2321275524779953e+0 2.9384956534751414e-4
1.2374618183333681e+0 5.5554728607975015e-4
1.2521088635608342e+0 1.1053669418178910e-3
1.3100842076058723e+0 2.2003135343531474e-3
1.3112256467863759e+0 4.2571869376204323e-3
1.3133754589755380e+0 8.1311485024906874e-3
1.3233883832092168e+0 3.3028212742389207e-4
1.3235251117527638e+0 5.7666696289548208e-4
1.3381794817236341e+0 1.1396858062481773e-3
1.3961572673498071e+0 2.2390321279882816e-3
1.3973206807605234e+0 4.3355030940992120e-3
1.3994936879704658e+0 8.2512620864155419e-3
1.4094394687229386e+0 3.2940315821537725e-4
1.4095823012193225e+0 5.8678731669909237e-4
1.4385821811475150e+0 1.1562592589909743e-3
1.4822315478843089e+0 2.2799505862258380e-3
1.4834108315724013e+0 4.4050197921682958e-3
1.4855984882691522e+0 8.3471771597137204e-3
1.4954881126555253e+0 3.2412445980201446e-4
1.4956358283141786e+0 5.9030807669542898e-4
1.5246466953574780e+0 1.1795788004091284e-3
1.5683204779056195e+0 2.3472674196924927e-3
1.5695205150333573e+0 4.5097343238761738e-3
1.5717264835886191e+0 8.4848896604579737e-3
1.5815440813315167e+0 3.3204494900319556e-4
1.5816966801524395e+0 6.0702802430630948e-4
1.6107124303580085e+0 1.2050982064297118e-3
1.6544081871363627e+0 2.4123843885567250e-3
1.6556326400754484e+0 4.6188485847889031e-3
1.6578618036514905e+0 8.6358013488167778e-3
1.6675988292169406e+0 3.3776557360195789e-4
1.6677587527812676e+0 6.2594783651961916e-4
1.6967879316830778e+0 1.2482165292696974e-3
1.7368193634943740e+0 8.7744670428360413e-3
1.7404910132048366e+0 2.4687018990112580e-3
1.7417459859081066e+0 4.7301627103040582e-3
1.7536560186834991e+0 3.4788592740556470e-4
1.7538220462006633e+0 6.4706751333535456e-4
1.7828585498458778e+0 1.2825353936999732e-3
1.8157808298670735e+0 8.9201723035830672e-3
1.8265848263884166e+0 2.5448181908876120e-3
1.8278617733218998e+0 4.8458765650240595e-3
1.8325361804044107e+0 3.4708020563109163e-4
1.8398816772483568e+0 6.6158759634380934e-4
1.8569764075634265e+0 1.3147764725845723e-3
1.8947379013937300e+0 9.0579580517613639e-3
1.9116031230821320e+0 6.8285376802762823e-4
1.9126798603625641e+0 2.6231343473663953e-3
1.9139824438979622e+0 4.9703898781537619e-3
1.9257740599883184e+0 3.7472622882005896e-4
1.9550107732865838e+0 1.3709719039823667e-3
1.9665247816019171e+0 9.1971369661351561e-3
1.9987785567084138e+0 2.7080500976524487e-3
2.0001177639608332e+0 5.1213015665125660e-3
2.0048434442471743e+0 7.1489952042144353e-4
2.0082338848504402e+0 3.6343452646704286e-4
2.0410838330305183e+0 1.4096904976174975e-3
2.0598376177266622e+0 9.3598546759130104e-3
2.0848723698919938e+0 2.7841663895288027e-3
2.0862408761180307e+0 5.2502146088471216e-3
2.0978908805025704e+0 3.9936666563212403e-4
2.1124256129978374e+0 7.4679877794717187e-4
2.1271666590989922e+0 1.4660080080720304e-3
2.1388056763684253e+0 9.5174392055131299e-3
2.1709747286095458e+0 2.8756817336221333e-3
2.1723676506469300e+0 5.3857272449889474e-3
2.1839553947125334e+0 4.2268620705028168e-4
2.1984889064172330e+0 7.6791845476290380e-4
2.2105925565766125e+0 9.6566181198869255e-3
2.2132458227957637e+0 1.5157259247192863e-3
2.2570795289082324e+0 2.9715968069203118e-3
2.2585066330815038e+0 5.5432385271550252e-3
2.2700138049696594e+0 4.3500642545631421e-4
2.2823779718361186e+0 9.7931571967378069e-3
2.2845607453706003e+0 8.0443718379561227e-4
2.2993274280736702e+0 1.5698435705713935e-3
2.3431928747408906e+0 3.0829109324354668e-3
2.3446370699821051e+0 5.6853507571041264e-3
2.3541751066850720e+0 9.9508149737719698e-3
2.3560709944362181e+0 4.4512677925992103e-4
2.3706289219522656e+0 8.3435631902104707e-4
2.3854114749327113e+0 1.6283609456283488e-3
2.4292976750395772e+0 3.1788260057336488e-3
2.4307845979506504e+0 5.8582610914871790e-3
2.4331431653268352e+0 1.0108399503372091e-2
2.4464346447082788e+0 4.6224275133086717e-4
2.4566958777433632e+0 8.6207558964405268e-4
2.4714967425823198e+0 1.6890781852877297e-3
2.5154073585005334e+0 3.2835405374415268e-3
2.5169235803852237e+0 6.0157723736532567e-3
2.5192931348765151e+0 1.0285709566959993e-2
2.5282000228561441e+0 4.9176586209623979e-4
2.5427689374872977e+0 9.0079418327918687e-4
2.5590218106271001e+0 1.7599001526314578e-3
2.5982633909412995e+0 1.0447253852844477e-2
2.6015170419614897e+0 3.3882550691494047e-3
2.6030698875632012e+0 6.1864828434338819e-3
2.6142657578566748e+0 5.1728526811681969e-4
2.6288481011840692e+0 9.5051209992643923e-4
2.6436770442060755e+0 1.8281115814258904e-3
2.6700517360981673e+0 1.0589072604741180e-2
2.6876364917469848e+0 3.5105685176766849e-3
2.6892210779034484e+0 6.3659927716242081e-3
2.7003290512760700e+0 5.3840494493255509e-4
2.7149162777657345e+0 9.8043123515187403e-4
2.7297720781802233e+0 1.9064277379046701e-3
2.7490153998938878e+0 1.0738737621772571e-2
2.7681886482289846e+0 6.5226973553833573e-3
2.7863935654860330e+0 5.6172448635070926e-4
2.7880990099086680e+0 3.6349353359383003e-3
2.8009978830436411e+0 1.0345488810039813e-3
2.8158671121543710e+0 1.9847438943834499e-3
2.8351617070718658e+0 1.0909448091553198e-2
2.8399784583345338e+0 6.6671559448029712e-3
2.8724605212771310e+0 5.8944375697372181e-4
2.8742245636470001e+0 3.7682481074777056e-3
2.8870672804158732e+0 1.0666678808318349e-3
2.9019621461285183e+0 2.0630600508622331e-3
2.9141268358162673e+0 1.1061752946107499e-2
2.9189372389679846e+0 6.8080215034246622e-3
2.9585311394399305e+0 6.2376262140400110e-4
2.9603415718513602e+0 3.8861618268001344e-3
2.9731476649032120e+0 1.1185856620815199e-3
2.9880571801026656e+0 2.1413762073410128e-3
2.9930868372402850e+0 1.1204818369331614e-2
2.9979043209772938e+0 6.9638461413428429e-3
3.0445919912781911e+0 6.4048256901488507e-4
3.0464732295425292e+0 4.0304739213516579e-3
3.0592256078094162e+0 1.1661037141263535e-3
3.0625235735272023e+0 7.1090379375772263e-3
3.0720497685616652e+0 1.1353163467601549e-2
3.0741644219824869e+0 2.2416910098440428e-3
3.1271420936027710e+0 7.2529098150501559e-3
3.1306626094409911e+0 6.7480143344516783e-4
3.1326109911865352e+0 4.1857853389153134e-3
3.1453047715061877e+0 1.2158216307736058e-3
3.1510095258275705e+0 1.1495788917905179e-2
3.1602618975377692e+0 2.3244068955276739e-3
3.1989377635030429e+0 7.4079277545614098e-3
3.2115524365939292e+0 4.2954128201825696e-3
3.2167234612792517e+0 6.9152138105605179e-4
3.2313802728312573e+0 1.2589399536135915e-3
3.2371301964036330e+0 1.1620302231034881e-2
3.2463654770458885e+0 2.4181221042234267e-3
3.2707334334033153e+0 7.5629456940726602e-3
3.2905178094964440e+0 4.4481576476573526e-3
3.3027953002326194e+0 7.2804011008875680e-4
3.3174655404808657e+0 1.3196571932729724e-3
3.3232630748853693e+0 1.1766814190188836e-2
3.3324702773445751e+0 2.5140371775216053e-3
3.3425276383549067e+0 7.7153237960610049e-3
3.3766580127215851e+0 4.6078687944258578e-3
3.3888634768142842e+0 7.5795924531419159e-4
3.3963820817606853e+0 1.3844074366507614e-3
3.4093849662519995e+0 1.1893527367920964e-2
3.4143262381525403e+0 7.8756214106180788e-3
3.4185921687112053e+0 2.6407503552537369e-3
3.4627969951561584e+0 4.7653800765919338e-3
3.4749414197204884e+0 8.0547729735902518e-4
3.4789498855484919e+0 8.0287327194211913e-3
3.4896482836857565e+0 1.4630903186159810e-3
3.4955080784091970e+0 1.2022440410255518e-2
3.5047042937532962e+0 2.7498646161664628e-3
3.5417709135926452e+0 4.9335239562836933e-3
3.5435713355214222e+0 8.1778842719399409e-3
3.5610157002549907e+0 8.4639575559658162e-4
3.5757469800316062e+0 1.5480060689020379e-3
3.5816238658229897e+0 1.2138154264975519e-2
3.5908249643293586e+0 2.8743779292961687e-3
3.6135695133902788e+0 5.0938215708407671e-3
3.6153655404730136e+0 8.3302623739282839e-3
3.6470985263234641e+0 9.0271326605111113e-4
3.6618383516340516e+0 1.6197226315735405e-3
3.6677384324462157e+0 1.2251668255093100e-2
3.6769578428110949e+0 3.0208898884501213e-3
3.6853681131879128e+0 5.2541191853978392e-3
3.6871758598600941e+0 8.5116786886686342e-3
3.7331850147636403e+0 9.6563037031291779e-4
3.7479407103516036e+0 1.7112379756668746e-3
3.7538456743260369e+0 1.2351983057596130e-2
3.7571623181395042e+0 5.4064972873861823e-3
3.7589759246064092e+0 8.6746161407486172e-3
3.7630919420833990e+0 3.1696017122064962e-3
3.8192751655755184e+0 1.0351470683819981e-3
3.8217881629584771e+0 5.5635683524736610e-3
3.8235992057651904e+0 8.8270674901710054e-3
3.8340601601370987e+0 1.8335514241941547e-3
3.8399541369964258e+0 1.2454497724701584e-2
3.8492211581934330e+0 3.3095140775531752e-3
3.8792361254784056e+0 5.7081734367613601e-3
3.8882312766160565e+0 8.9953578647308484e-3
3.9053628748062614e+0 1.1002640372462305e-3
3.9201698435980541e+0 1.9382659559020327e-3
3.9260540541328428e+0 1.2541613339590064e-2
3.9281892168351966e+0 3.4670986071532982e-3
3.9366840879983336e+0 5.8527785210490610e-3
3.9600284114650099e+0 9.1530156417650131e-3
3.9914652335238126e+0 1.1917793813395611e-3
3.9941375440758149e+0 6.0072829960476706e-3
3.9999717021973407e+0 3.5983580089583578e-3
4.0062929557552520e+0 2.0671789982365865e-3
4.0121490881069901e+0 1.2619929496068844e-2
4.0461776485403487e+0 9.3290057865914600e-3
4.0515910001532971e+0 6.1617874710462820e-3
4.0717673720976135e+0 3.7533759484696151e-3
4.0775712546130665e+0 1.2898943192401653e-3
4.0924221718652865e+0 2.2070913635832620e-3
4.0939393703824303e+0 1.2694329844723684e-2
4.1090426250449275e+0 6.3129921491412583e-3
4.1108060570195128e+0 9.4906965673440310e-3
4.1363858921731813e+0 3.8972478259425396e-3
4.1593239365390318e+0 6.4653700069714857e-3
4.1636821588645905e+0 1.3968087155504690e-3
4.1754315356013159e+0 9.6471076730507803e-3
4.1785635958809939e+0 2.3690023749541878e-3
4.1843342728930155e+0 1.2767762350616706e-2
4.1938393482506626e+0 4.0517523009411527e-3
4.2096095208001216e+0 6.6254473909102031e-3
4.2472345302449925e+0 9.8153248001765850e-3
4.2498016086500856e+0 1.5191221640777491e-3
4.2512891419564420e+0 4.1996571821324921e-3
4.2575272596767153e+0 2.5186673919855816e-3
4.2670519897624972e+0 6.7601530844869917e-3
4.2689802284636791e+0 1.2819254808432708e-2
4.3087480915914771e+0 4.3640610478420175e-3
4.3173259765131968e+0 6.8993317547026735e-3
4.3190448496320730e+0 9.9967411149169353e-3
4.3293185347309446e+0 2.6657658189281029e-3
4.3359210584355807e+0 1.6414356126050259e-3
4.3564950418676931e+0 1.2871597913116069e-2
4.3662052100406612e+0 4.5251651166479008e-3
4.3676170543318404e+0 7.0693085293522997e-3
4.3908493092244303e+0 1.0167598079565647e-2
4.4011112747338554e+0 2.8155040833935351e-3
4.4220490537550479e+0 1.7791481133492791e-3
4.4236604973039935e+0 4.6829693885501508e-3
4.4250814975244284e+0 7.2436117857727373e-3
4.4497475709384107e+0 1.2925642311534133e-2
4.4554810138381260e+0 1.0335228494744766e-2
4.4729113394801701e+0 2.9784415354735180e-3
4.4753646402043836e+0 7.3992894405066050e-3
4.4811176157531776e+0 4.8440734573560358e-3
4.5081794906556496e+0 1.9212603432983769e-3
4.5184707551386918e+0 7.5440410196623894e-3
4.5201075911314401e+0 1.0493619478593699e-2
4.5385838901316173e+0 5.0216765106801085e-3
4.5447099392778041e+0 3.1387391500305936e-3
4.5573370644324775e+0 1.2970740756674409e-2
4.5687728200724411e+0 7.7338165757338418e-3
4.5847389295079655e+0 1.0660589934392090e-2
4.5943111483468186e+0 2.0655724378499073e-3
4.5960574892534609e+0 5.2124787516187321e-3
4.6165056091780761e+0 3.2937570895418475e-3
4.6190590147288155e+0 7.8949938919737721e-3
4.6362267483198147e+0 1.2987093978798849e-2
4.6463339175852960e+0 5.3560571510392618e-3
4.6493644080897685e+0 1.0817001040098841e-2
4.6621724544065275e+0 8.0529446587441073e-3
4.6804464684096896e+0 2.2164841262087114e-3
4.6883042089757101e+0 3.4540547040989161e-3
4.7037989711731676e+0 5.5314603397609088e-3
4.7124623114346029e+0 8.2207215687913112e-3
4.7211659377847637e+0 1.0982578329701733e-2
4.7294648720618362e+0 1.3015179974908300e-2
4.7600896242352162e+0 3.5905937809498009e-3
4.7665720221480221e+0 2.3497968977481132e-3
4.7684416629019699e+0 5.7188895363618521e-3
4.7699359105564465e+0 8.4115238097299330e-3
4.7857921488409065e+0 1.1140309354169939e-2
4.8247048481762524e+0 3.7285260239961864e-3
4.8259097684662597e+0 5.8997923865895634e-3
4.8274095096782901e+0 8.6023260506685548e-3
4.8504183598970485e+0 1.1298040378638146e-2
4.8526914719335172e+0 2.4721103462753899e-3
4.8728979974048476e+0 1.3040113401456539e-2
4.8776981459157982e+0 8.7679030961133348e-3
4.8905491640605305e+0 6.0812819487639554e-3
4.8965056453969078e+0 3.8927833948376213e-3
4.9222140297973214e+0 1.1453058318149398e-2
4.9279818989910380e+0 8.9246806831484154e-3
4.9388121425095797e+0 2.5966236594050958e-3
4.9551713465078011e+0 6.2317534200441622e-3
4.9826458486220488e+0 4.0524945416061248e-3
4.9854463421836259e+0 9.0989839395688495e-3
4.9940111646462739e+0 1.1610716095183561e-2
5.0019599761886218e+0 1.3012396572414667e-2
5.0126321273286871e+0 6.3994570826573227e-3
5.0249315922950748e+0 2.7189371079323725e-3
5.0428943047035544e+0 9.2435890238565487e-3
5.0658156242386312e+0 1.1781573059832273e-2
5.0687848310566217e+0 4.2100058237721991e-3
5.0736692141167232e+0 1.3011664098074235e-2
5.0772554084874679e+0 6.5519084320797075e-3
5.1075358977208456e+0 9.4290383423153105e-3
5.1110461589183007e+0 2.8324510980499533e-3
5.1376098291902226e+0 1.1933951161820616e-2
5.1547863524733071e+0 6.7042279361208181e-3
5.1549189303289253e+0 4.3587176475285774e-3
5.1793432872105649e+0 9.6051749820098408e-3
5.1971680502849305e+0 2.9591642757820814e-3
5.2027299721099292e+0 1.2981747404429939e-2
5.2165700747723553e+0 1.2077456557965218e-2
5.2410432632766906e+0 4.4898305544655535e-3
5.2423714834140034e+0 6.8832832419038498e-3
5.2439731606384106e+0 9.7695056002853227e-3
5.2832789545364545e+0 3.0660786720923851e-3
5.2887700705085452e+0 1.2961069653799598e-2
5.3027114987880637e+0 1.2239367569336143e-2
5.3085927794254895e+0 9.9153573559004338e-3
5.3271614922716184e+0 4.6099441383904097e-3
5.3285141282202790e+0 7.0473941178772013e-3
5.3693837548351411e+0 3.1619937453905636e-3
5.3748004025826210e+0 1.2922792986349858e-2
5.3875601055929128e+0 1.0071621966739098e-2
5.3888443772698000e+0 1.2385879528490096e-2
5.4132772796854116e+0 4.7256579931104145e-3
5.4146433443303135e+0 7.1873064832238803e-3
5.4554873343432604e+0 3.2557089540863234e-3
5.4736966464463510e+0 1.0224733519700326e-2
5.4749613854741606e+0 1.2503793247812527e-2
5.4751603743366442e+0 1.2862371178007783e-2
5.4993857423558001e+0 4.8281726602158667e-3
5.5007688980686451e+0 7.3206192547632821e-3
5.5415872514796769e+0 3.3428245689747990e-3
5.5575912054227894e+0 1.2798832691347180e-2
5.5598307457186547e+0 1.0373445343456703e-2
5.5610783936785211e+0 1.2621706967134955e-2
5.5855003089790261e+0 4.9416866503334458e-3
5.5868932310164103e+0 7.4517321617002599e-3
5.6276896101972289e+0 3.4343399130681296e-3
5.6459428707607460e+0 1.0482559604369432e-2
5.6471872632790987e+0 1.2724954922441217e-2
5.6716112132305492e+0 5.0486010466437511e-3
5.6730065768490689e+0 7.5630462872154133e-3
5.7152259095152296e+0 3.5254006347541639e-3
5.7320476710594326e+0 1.0578474677667612e-2
5.7332261408871465e+0 1.2702077307208452e-2
5.7577257798537751e+0 5.1621150367613285e-3
5.7591199226817267e+0 7.6743604127305683e-3
5.7998943276323329e+0 3.6173706012547872e-3
5.8181427050335799e+0 1.0656790834146392e-2
5.8192133383611750e+0 1.2586072090473032e-2
5.8236394366422806e+0 1.2808654439778008e-2
5.8438366841052982e+0 5.2690294330716338e-3
5.8452344893049526e+0 7.7878744028481474e-3
5.8860088942555588e+0 3.7308845913723680e-3
5.9042328558454580e+0 1.0726307532215472e-2
5.9052082675087973e+0 1.2483999349552969e-2
5.9197503247474685e+0 1.2844630649482569e-2
5.9299549131002260e+0 5.3891430169964883e-3
5.9313563806715823e+0 7.9145875805802755e-3
5.9721356687844578e+0 3.8663972275141921e-3
5.9903120195422295e+0 1.0776025448862732e-2
5.9912068590281216e+0 1.2388526202440185e-2
6.0058014102611903e+0 1.2843751680274053e-2
6.0160853500008269e+0 5.5312552469455913e-3
6.0174794928287794e+0 8.0435006229148294e-3
6.0582758720095979e+0 4.0261083742826990e-3
6.0763936248201347e+0 1.0830143094714837e-2
6.0771981258040411e+0 1.2279853867712848e-2
6.0918500541937766e+0 1.2838472981860687e-2
6.1022231116448333e+0 5.6865666645092416e-3
6.1035879554991679e+0 8.1460152900202833e-3
6.1372439306513611e+0 4.1836929038828186e-3
6.1581604679166819e+0 1.0862306043003121e-2
6.1631881717893933e+0 1.2168981668383086e-2
6.1735834476287765e+0 1.2810359640042530e-2
6.1811865312824406e+0 5.8357917086201486e-3
6.1897061844940957e+0 8.2661288739451361e-3
6.2018756352650568e+0 4.3513233190619373e-3
6.2491721138219090e+0 1.2047110146041200e-2
6.2499717316435461e+0 1.0903605876213928e-2
6.2521593883402966e+0 4.5081009060970144e-3
6.2529909908747978e+0 6.0066486732688606e-3
6.2710816421347397e+0 1.2761846399527165e-2
6.2758268550701581e+0 8.3906421870748420e-3
6.2952655032746048e+0 4.6528524852528022e-3
6.3176157369822601e+0 6.1617398602141545e-3
6.3351499519015881e+0 1.1914239300687192e-2
6.3383862676957214e+0 4.8240024396376865e-3
6.3489534308469917e+0 1.0943952516149722e-2
6.3499373880443031e+0 1.2717043385704195e-2
6.3619438632745187e+0 8.5085559063972690e-3
6.3750563747587838e+0 6.2931457568873046e-3
6.3815045905357035e+0 4.9907526648177193e-3
6.4211277899812664e+0 1.1781368455333181e-2
6.4246131470511463e+0 5.1399039731783568e-3
6.4325116620221170e+0 6.4509500287895562e-3
6.4350106203135509e+0 1.0954072869953330e-2
6.4402524508517818e+0 1.2646604746598625e-2
6.4480596506883119e+0 8.6242697611172720e-3
6.4748981209169525e+0 5.2988814248158597e-3
6.4899651180995983e+0 6.6054545037881676e-3
6.5071080696420802e+0 1.1652897339184018e-2
6.5138968859872994e+0 1.0964266471190982e-2
6.5219577661037320e+0 1.2567894518924694e-2
6.5251794324110568e+0 5.4512592826460888e-3
6.5341705549398350e+0 8.7311841574275774e-3
6.5689408677219365e+0 6.7768981803835622e-3
6.5826322780932554e+0 5.6046638253434890e-3
6.5930785829783547e+0 1.1506827306215460e-2
6.6079587992041908e+0 1.2476821101016757e-2
6.6202863423536282e+0 8.8468980121475804e-3
6.6429783974201522e+0 1.0971747475787908e-2
6.6479116121029476e+0 6.9393224121090183e-3
6.6544264830448467e+0 5.7570419273318303e-3
6.6647151838676963e+0 1.1375202888030747e-2
6.6939512867706785e+0 1.2370348630891844e-2
6.7063984673957195e+0 8.9560122730603098e-3
6.7218524551882259e+0 1.0959942431001311e-2
6.7333974715839711e+0 5.9199061319777715e-3
6.7340286203073081e+0 7.0572361314314453e-3
6.7363432392230669e+0 1.1228179417629061e-2
6.7799352288031942e+0 1.2248477108549960e-2
6.7925179171812147e+0 9.0783257215875882e-3
6.8079206317698908e+0 1.0989861566226743e-2
6.8123684601230963e+0 6.0827703366237128e-3
6.8151416079759644e+0 1.1079982767492121e-2
6.8201334206059947e+0 7.1531512047296256e-3
6.8659252747885464e+0 1.2137604909220197e-2
6.8786239382704686e+0 9.1764406594881942e-3
6.8841582702286450e+0 6.2272289260433267e-3
6.9062321169518448e+0 7.2380669550156825e-3
6.9082854866861831e+0 1.0938239216294368e-2
6.9519128791927640e+0 1.2022332980685587e-2
6.9559612648723217e+0 6.3954460531691296e-3
6.9647299593597225e+0 9.2745555973887985e-3
6.9907184541558225e+0 1.0878550492688007e-2
6.9923320340882613e+0 7.3251825699041616e-3
7.0134102040247042e+0 6.5418110291387659e-3
7.0372168408792470e+0 1.0675136874793031e-2
7.0378907172724432e+0 1.1889462135331577e-2
7.0436545578572876e+0 9.3538249471425902e-3
7.0708703744503065e+0 6.7084147594507152e-3
7.0712878848243514e+0 7.4607684534800326e-3
7.0803852161324921e+0 1.0932081548672486e-2
7.1231763671004158e+0 1.0509268060402647e-2
7.1238734385143916e+0 1.1765390748387266e-2
7.1283329864570435e+0 6.8794182189675143e-3
7.1369273520514218e+0 9.4443870979609070e-3
7.1430791598785808e+0 7.6078668804225574e-3
7.1664240937405399e+0 1.0909203933439722e-2
7.1786228434851189e+0 7.0471951290147182e-3
7.2077112307294469e+0 7.7761572549824003e-3
7.2091371141121510e+0 1.0345599110614686e-2
7.2098512765940699e+0 1.1632519903033255e-2
7.2230162820727326e+0 9.5117039314275634e-3
7.2289114797226279e+0 7.2127721744594982e-3
7.2651756739220348e+0 7.9504605114028362e-3
7.2720175946569352e+0 7.3575237536152843e-3
7.2768362991845112e+0 1.0871998143475692e-2
7.2879332854420262e+0 1.0193442704193381e-2
7.2958266730926145e+0 1.1495249328474398e-2
7.3091113160468799e+0 9.5900200879063448e-3
7.3223013477321741e+0 7.5143013406503631e-3
7.3226382859287718e+0 8.1214639709196370e-3
7.3595619511926804e+0 1.0047519166092908e-2
7.3671782193844724e+0 1.0849956525623469e-2
7.3729257013757126e+0 8.2848411517619895e-3
7.3797657909247629e+0 7.6886045970707990e-3
7.3817947448477534e+0 1.1344779566300986e-2
7.3952209995078366e+0 9.6947346196142228e-3
7.4168668370581115e+0 9.9343001189764087e-3
7.4232161687990725e+0 8.4537179941104063e-3
7.4300513751858519e+0 7.8486819810095147e-3
7.4532158762019529e+0 1.0824879045788280e-2
7.4677652581840279e+0 1.1198709533332426e-2
7.4731599317012947e+0 7.9978332893701504e-3
7.4735041946412970e+0 8.6181951072539717e-3
7.4864648048992501e+0 9.8210812113788317e-3
7.5162697090073056e+0 8.1491844623332102e-3
7.5238013764127780e+0 8.7991712049157265e-3
7.5406896710429026e+0 1.0803306699830161e-2
7.5531369737470007e+0 9.9736059128744513e-3
7.5537357715203024e+0 1.1052639500363866e-2
7.5593770447321811e+0 8.2961359060914220e-3
7.5672889883993930e+0 9.6313804723292939e-3
7.5740826879068814e+0 8.9515490627459556e-3
7.6024904844098931e+0 8.4540866728617554e-3
7.6177576912455907e+0 1.0121437546631747e-2
7.6243646097962694e+0 9.1050268528773976e-3
7.6253699308285103e+0 1.0916615352974305e-2
7.6456063656687405e+0 8.6164371688369403e-3
7.6460854038873816e+0 9.4796640388284722e-3
7.6554171269844611e+0 1.0788935553270923e-2
7.6823820711158826e+0 1.0275868774196315e-2
7.6887344548332619e+0 8.8007863108363754e-3
7.6918688590308308e+0 9.2801515060231942e-3
7.7318625439977824e+0 8.9851354528358088e-3
7.7356640858246157e+0 9.3744748637479957e-3
7.7399991131293939e+0 1.0725155105919865e-2
7.7470159731525996e+0 1.0447458945659797e-2
7.7924044781316884e+0 9.5362462166780123e-3
7.7929124490867769e+0 9.1594020855392221e-3
7.8227342429116042e+0 1.0622595691291066e-2
7.8324971936294672e+0 9.4196831800393375e-3
7.8527339947068677e+0 9.7045805396982834e-3
7.8612394867479418e+0 9.5249836912195598e-3
7.8752883445973900e+0 8.9968696917694987e-3
7.8972833282499364e+0 9.8655964674252070e-3
7.8975970714257544e+0 1.0430961670248406e-2
7.9121272259563939e+0 1.0770144290304361e-2
7.9469228701427683e+0 8.8615055037606638e-3
7.9475949560431305e+0 1.0072604296215655e-2
7.9552818673157555e+0 1.1002340487406536e-2
7.9936129820248008e+0 1.0295788413884311e-2
7.9981462657177227e+0 1.0711518875282190e-2
8.0199095433205798e+0 1.1162711349397652e-2
8.0257129375198062e+0 8.6983497743272336e-3
8.0506048571887536e+0 1.0479995944177927e-2
8.0695283317737623e+0 1.0121222687491887e-2
8.0841985720220109e+0 1.0712839770676099e-2
8.0916993534261277e+0 1.1307169938817266e-2
8.1045147244862914e+0 8.5563127450770816e-3
8.1483298745821351e+0 9.9787456853212501e-3
8.1488656795621601e+0 1.0944266259325540e-2
8.1702722421612286e+0 1.0752658296612445e-2
8.1757692004881779e+0 1.1428121543147034e-2
8.1761404603395835e+0 8.4051095319307868e-3
8.1899561820703930e+0 1.1148906510142758e-2
8.2199629351788328e+0 9.8407416597895061e-3
8.2422902180238200e+0 1.1308271580225272e-2
8.2520379865462647e+0 1.0782841366758545e-2
8.2543491872484349e+0 1.1501737586181926e-2
8.2549334576139852e+0 8.2472334775431765e-3
8.2855206094378886e+0 1.1676969375907913e-2
8.2856552626374711e+0 1.1919614441555379e-2
8.2987586181924797e+0 9.6877053075272290e-3
8.3144726343758411e+0 1.2160206625784736e-2
8.3284555695346487e+0 1.1513299937803726e-2
8.3337308497344278e+0 8.0972769357242954e-3
8.3352456066704370e+0 1.0826868934413115e-2
8.3432625383264440e+0 1.2351301856459529e-2
8.3577069323197239e+0 1.2535943988195134e-2
8.3715812171180364e+0 1.1693249350598312e-2
8.3847230275759177e+0 9.5306359515465455e-3
8.3864931738986233e+0 1.2720439625062654e-2
8.4053595154850811e+0 7.9513533976238223e-3
8.4128903283371557e+0 1.2907159542343947e-2
8.4284895902071817e+0 1.0865514280614203e-2
8.4512548927077482e+0 1.3122355620400025e-2
8.4566814811784177e+0 1.1825001254197989e-2
8.4635150482178645e+0 9.3710000054769930e-3
8.4728892548266881e+0 1.3341242392499416e-2
8.4841576400798644e+0 7.8027167745663949e-3
8.5007933531415976e+0 1.1936115867654702e-2
8.5016601144444408e+0 1.3498019735376381e-2
8.5161008460660188e+0 1.3676062273304713e-2
8.5188739939188878e+0 1.0920027950926371e-2
8.5296369718771654e+0 1.2224005140836191e-2
8.5351481088145604e+0 9.2329959799452507e-3
8.5448907500166218e+0 1.3867157503979509e-2
8.5701208286727351e+0 7.6434475539832857e-3
8.5736824851530766e+0 1.4061552531557940e-2
8.5799262185099590e+0 1.2390682118582182e-2
8.5868126981005677e+0 1.1878040418783138e-2
8.5992073847312103e+0 1.0953525467462916e-2
8.6024852074046372e+0 1.4275746340558195e-2
8.6139398852983948e+0 9.0729200609552148e-3
8.6230323334442662e+0 1.2535433697737968e-2
8.6312897608420478e+0 1.4493239946462089e-2
8.6560840172656057e+0 7.4841783334001766e-3
8.6600686776775451e+0 1.4664536395715060e-2
8.6728845370539354e+0 1.1914559147815845e-2
8.6733173073100716e+0 1.2694411149375473e-2
8.6852672599370173e+0 1.0968485523391859e-2
8.6960209598869849e+0 1.4840159326738836e-2
8.6999152817969385e+0 8.9356494863963541e-3
8.7391466074703708e+0 1.5020108739533421e-2
8.7420472058584746e+0 7.3249091128170674e-3
8.7451077278109057e+0 1.2839969671096300e-2
8.7546530892572765e+0 1.1949801906547522e-2
8.7655816064164913e+0 1.0967665152130579e-2
8.7858833535520784e+0 8.7851797242229461e-3
8.8037923511755931e+0 1.5213037597640425e-2
8.8280152776136145e+0 7.1744393506436577e-3
8.8312100865284577e+0 1.2931485015189630e-2
8.8450184486361305e+0 1.1969997689061861e-2
8.8718575292600548e+0 8.6457092850616597e-3
8.8898751772440665e+0 1.5269355108094957e-2
8.9018218337364807e+0 1.0953074263269212e-2
8.9139809077876198e+0 7.0195698592654000e-3
8.9172672759950160e+0 1.2941605368993237e-2
8.9310695341498523e+0 1.1969118719853344e-2
8.9578353673397331e+0 8.5128384397076488e-3
8.9687260399913598e+0 1.5215752635862285e-2
8.9878497242294220e+0 1.0910397866614623e-2
8.9961088607339974e+0 1.2871283925782137e-2
8.9999465379616250e+0 6.8647003678871405e-3
9.0156805751102880e+0 1.1957695050039999e-2
9.0259969878790187e+0 1.5041377352798374e-2
9.0438071014665748e+0 8.3689682713415162e-3
9.0605636727944816e+0 1.2720153960069886e-2
9.0617685930844889e+0 1.4891420322663267e-2
9.0859133889261976e+0 6.7120307411113050e-3
9.0924936942425045e+0 1.0816494167855264e-2
9.0975340943371190e+0 1.4730463969516033e-2
9.1031289775074367e+0 1.1890365520351441e-2
9.1178431662161099e+0 1.2561177729222951e-2
9.1297824979651185e+0 8.2316976967826555e-3
9.1332873876840779e+0 1.4547508970344552e-2
9.1618941730495731e+0 1.4408624510655610e-2
9.1679541774260631e+0 1.2406674475014905e-2
9.1718765775190683e+0 6.5527615205281959e-3
9.1756309968299981e+0 1.0733809534410159e-2
9.1891178027022224e+0 1.1777293456419254e-2
9.1976535703493667e+0 1.4236668834496254e-2
9.2157615568353659e+0 8.1010267160310703e-3
9.2180603054737489e+0 1.2243371762397162e-2
9.2334129676491639e+0 1.4064713158336895e-2
9.2506832476478209e+0 6.4195239496877450e-3
9.2601873463730158e+0 1.0623831930408176e-2
9.2679154389807792e+0 1.1627776887520858e-2
9.2691601570432827e+0 1.3870758836153289e-2
9.2753343053378252e+0 1.2074496140839313e-2
9.3017491612395826e+0 7.9857547874964581e-3
9.3120831533924839e+0 1.3685530724945338e-2
9.3294952892550729e+0 6.2959657830979621e-3
9.3326119675736035e+0 1.1912220113088739e-2
9.3395309201933046e+0 1.1458094811714196e-2
9.3461749507772343e+0 1.0508560001873564e-2
9.3549988249982814e+0 1.3487103426122840e-2
9.3877294409003973e+0 7.8572836713473003e-3
9.3979340292531539e+0 1.3323873960939139e-2
9.4042394125336912e+0 1.1764096710385840e-2
9.4111507962518743e+0 1.1296332248476263e-2
9.4154743481253202e+0 6.1652948023463786e-3
9.4321625551814510e+0 1.0393288073338953e-2
9.4337227255265681e+0 1.3204715035237980e-2
9.4694874129188200e+0 1.3042292105689130e-2
9.4737170453046140e+0 7.7420117428126864e-3
9.4827692073617627e+0 1.1131929847715419e-2
9.4902343416813135e+0 1.1662023969465779e-2
9.5014509654144312e+0 6.0302240923899419e-3
9.5124270934057744e+0 1.2887128810714320e-2
9.5181306269365908e+0 1.0242818311165544e-2
9.5543832236256083e+0 1.0959607934385848e-2
9.5597058704993998e+0 7.6289396788804999e-3
9.5625374942204449e+0 1.2731525624205063e-2
9.5726657831627406e+0 1.1599585415106386e-2
9.5874288034941095e+0 5.8973532470359309e-3
9.6041121273879728e+0 1.0116547059618808e-2
9.6260060295815375e+0 1.0803125046193735e-2
9.6269831503516716e+0 1.2563896673974628e-2
9.6457020204375894e+0 7.5290668025628643e-3
9.6622754731803866e+0 1.1550272800927502e-2
9.6734115247360570e+0 5.7732818600916228e-3
9.6900838615148128e+0 9.9726768912526739e-3
9.6914346662776225e+0 1.2406827073835829e-2
9.6976332303835129e+0 1.0654561670570351e-2
9.7316908456323752e+0 7.4159947386306779e-3
9.7526112894275094e+0 1.1517231860063155e-2
9.7593942459780063e+0 5.6492104731473095e-3
9.7630505137273200e+0 1.2237804957409894e-2
9.7760592580133565e+0 9.8354063166938149e-3
9.7764291575552740e+0 1.0501965291228561e-2
9.8176857747799957e+0 7.3139219977106165e-3
9.8418354537839754e+0 1.2065409796646278e-2
9.8453806295916575e+0 5.5317386800102734e-3
9.8486987383538054e+0 1.1510970669401160e-2
9.8620248881873618e+0 9.6805368253155555e-3
9.8624057748443850e+0 1.0366894581272126e-2
9.9036770415559161e+0 7.2052496629832832e-3
9.9132370524890963e+0 1.1510311442494774e-2
9.9206289393746019e+0 1.1908413688099636e-2
9.9242007284166540e+0 5.4226996197964950e-3
9.9408220361496920e+0 9.5301403105761892e-3
9.9412307568316507e+0 1.0266654979468045e-2
9.9610053666002418e+0 7.1342680162333402e-3
